datos/01-EFM-Pronostico-de-Enero-2021-Lluvia/02_Febrero/GRDS/02_2021_Prp.grd
DSAA
390 228
-118.47924025641 -86.14575974359
14.037283991228 32.871016008772
-999 199.55946350098
[rows 58 to 86 of 228, columns 132 to 197 of 390]
-999 -999 -999 -999 -999 -999 -999 -999 -999 -999 -999 -999 -999 -999 -999 -999 -999 -999 -999 -999 -999 -999 -999 -999 -999 -999 -999 -999 -999 -999 -999 -999 -999 -999 -999 -999 -999 -999 -999 -999 -999 -999 -999 -999 5.6121597290039 6.4325284957886 6.5573053359985 6.3569893836975 6.0559687614441 5.7788400650024 5.7706098556519 5.7505259513855 5.6373791694641 5.6446175575256 5.6261277198792 5.50958776474 5.2392244338989 4.6832809448242 4.252236366272 3.88734126091 3.5238718986511 3.1370482444763 2.7200517654419 2.2604825496674 1.8473247289658 2.2353928089142
-999 -999 -999 -999 -999 -999 -999 -999 -999 -999 -999 -999 -999 -999 -999 -999 -999 -999 -999 -999 -999 -999 -999 -999 -999 -999 -999 -999 -999 -999 -999 -999 -999 -999 -999 -999 -999 -999 -999 -999 -999 -999 6.2075228691101 5.839720249176 6.3012623786926 6.8507671356201 6.9811420440674 6.6669278144836 6.0462617874146 5.054370880127 5.4296178817749 5.4906187057495 4.9449868202209 5.2747588157654 5.3398013114929 5.312771320343 5.2070937156677 4.9143838882446 4.4317221641541 4.0552291870117 3.6669294834137 3.2560472488403 2.8405957221985 2.4430558681488 2.182021856308 2.9562091827393
-999 -999 -999 -999 -999 -999 -999 -999 -999 -999 -999 -999 -999 -999 -999 -999 -999 -999 -999 -999 -999 -999 -999 -999 -999 -999 -999 -999 -999 -999 -999 -999 -999 -999 -999 -999 -999 -999 -999 -999 8.5147428512573 8.3772315979004 7.9703855514526 7.355740070343 6.2007813453674 7.3617000579834 7.4925870895386 6.9883632659912 6.0505585670471 4.7824053764343 4.6896905899048 5.1695675849915 4.586766242981 4.4757966995239 4.5138230323792 4.6039652824402 4.8291139602661 4.696382522583 4.4394879341125 4.1727585792542 3.8218307495117 3.4184832572937 3.0409505367279 2.7627534866333 2.7348463535309 3.1227290630341
-999 -999 -999 -999 -999 -999 -999 -999 -999 -999 -999 -999 -999 -999 -999 -999 -999 -999 -999 -999 -999 -999 -999 -999 -999 -999 -999 -999 -999 -999 -999 -999 -999 -999 -999 -999 -999 -999 -999 8.8732852935791 9.591742515564 9.7057571411133 9.4853763580322 8.9931058883667 8.4822473526001 8.4021949768066 8.1670503616333 7.4355607032776 5.9238982200623 5.1876659393311 5.0020952224731 5.0103878974915 4.7790369987488 4.4941554069519 4.4452104568481 4.582127571106 4.586106300354 4.3934235572815 4.2928495407104 4.3422737121582 4.059513092041 3.6902027130127 3.3815159797668 3.2524394989014 3.4220314025879 4.1784243583679
-999 -999 -999 -999 -999 -999 -999 -999 -999 -999 -999 -999 -999 -999 -999 -999 -999 -999 -999 -999 -999 -999 -999 -999 -999 -999 -999 -999 -999 -999 -999 -999 -999 -999 -999 5.3568515777588 5.4497747421265 5.7786502838135 6.7329177856445 9.126594543457 10.448937416077 10.956204414368 10.926167488098 10.514826774597 9.9931955337524 9.5419769287109 9.0402536392212 8.2939262390137 7.4480638504028 6.8992743492126 6.6229190826416 6.4222412109375 6.0490908622742 5.1782956123352 4.960841178894 5.4109988212585 5.2686052322388 4.6671915054321 4.8263258934021 4.7657608985901 4.4343390464783 4.1346278190613 3.925927400589 3.9407258033752 4.2107534408569 4.7661809921265
-999 -999 -999 -999 -999 -999 -999 -999 -999 -999 -999 -999 -999 -999 -999 -999 -999 -999 -999 -999 -999 -999 -999 -999 -999 -999 -999 -999 -999 -999 -999 -999 -999 5.8910984992981 5.7711691856384 5.7189178466797 5.7093391418457 5.6770906448364 5.6529726982117 8.8110008239746 11.057956695557 12.208223342896 12.353763580322 11.77121925354 11.022199630737 10.42759513855 9.8314170837402 9.0943632125854 8.4355068206787 7.9639687538147 7.6397457122803 7.3635983467102 7.0023517608643 6.4626240730286 5.7414779663086 5.98122215271 5.6122808456421 5.2521328926086 5.1501398086548 5.0652365684509 4.8975973129272 4.735095500946 4.677894115448 4.8091163635254 5.137065410614 5.6250791549683
-999 -999 -999 -999 -999 -999 -999 -999 -999 -999 -999 -999 -999 -999 -999 -999 -999 -999 -999 -999 -999 -999 -999 -999 -999 -999 -999 -999 -999 -999 -999 6.8115391731262 6.6257462501526 6.5359401702881 6.5677108764648 6.5210604667664 6.409499168396 6.0585465431213 5.3861536979675 7.1727232933044 11.353713035583 13.271238327026 13.651477813721 12.718271255493 11.673356056213 10.901439666748 10.280254364014 9.630500793457 9.0736780166626 8.6161432266235 8.2488441467285 7.9402403831482 7.6310267448425 7.2623519897461 6.8547034263611 6.4126715660095 6.0336985588074 5.7207231521606 5.5761904716492 5.5104336738586 5.4437050819397 5.401487827301 5.467499256134 5.7055220603943 6.112856388092 6.6439957618713
-999 -999 -999 -999 -999 -999 -999 -999 -999 -999 -999 -999 -999 -999 -999 -999 -999 -999 -999 -999 -999 -999 -999 -999 -999 -999 -999 -999 -999 -999 -999 7.5199565887451 7.4915084838867 7.4856157302856 7.5041861534119 7.4763641357422 7.2464890480042 6.6412224769592 5.7819976806641 7.2028698921204 11.271820068359 13.519660949707 14.240739822388 13.188755989075 12.145636558533 11.407739639282 10.84375 10.235033988953 9.6460819244385 9.1213188171387 8.686993598938 8.3416519165039 8.0503578186035 7.7687554359436 7.4541969299316 7.0453338623047 6.4688453674316 6.1735405921936 6.0579538345337 6.0389556884766 6.0421829223633 6.05757188797 6.1844334602356 6.4837341308594 6.9287371635437 7.4461941719055
-999 -999 -999 -999 -999 -999 -999 -999 -999 -999 -999 -999 -999 -999 -999 -999 -999 -999 -999 -999 -999 -999 -999 -999 -999 -999 -999 -999 -999 -999 8.9105386734009 8.5635395050049 8.4238910675049 8.447301864624 8.5361604690552 8.5650215148926 8.201753616333 6.9286308288574 6.6928262710571 7.8515410423279 10.134552001953 12.074614524841 13.939233779907 13.435182571411 12.572385787964 11.915762901306 11.397969245911 10.838644981384 10.173450469971 9.530499458313 9.0208978652954 8.6473302841187 8.3636922836304 8.1179208755493 7.8546948432922 7.4938530921936 6.9265294075012 6.6539373397827 6.5429124832153 6.5729303359985 6.6525316238403 6.6756596565247 6.7966051101685 7.0841846466064 7.4739084243774 7.8544631004333
-999 -999 -999 -999 -999 -999 -999 -999 -999 -999 -999 -999 -999 -999 -999 -999 -999 -999 -999 -999 -999 -999 -999 -999 -999 -999 -999 -999 -999 11.200844764709 10.827454566956 9.800856590271 9.5114030838013 9.5660133361816 9.8121690750122 10.10848236084 9.9343309402466 8.8542947769165 8.8116884231567 9.8535938262939 12.601061820984 13.79921245575 14.133275985718 13.653161048889 12.922939300537 12.31373500824 11.815194129944 11.27746295929 10.504697799683 9.7650413513184 9.2325534820557 8.8754167556763 8.61501121521 8.3888120651245 8.1398115158081 7.8129854202271 7.4403553009033 7.1867966651917 6.9295606613159 6.9970226287842 7.1775069236755 7.2502584457397 7.3135509490967 7.5179872512817 7.7961368560791 8.0381641387939
-999 -999 -999 -999 -999 -999 -999 -999 -999 -999 -999 -999 -999 -999 -999 -999 -999 -999 -999 -999 -999 -999 -999 -999 -999 -999 -999 -999 12.080461502075 12.278890609741 12.109555244446 11.221846580505 11.003134727478 11.128529548645 11.544505119324 12.577635765076 12.819580078125 12.713485717773 12.819521903992 13.363286018372 14.172880172729 14.521844863892 14.313133239746 13.755382537842 13.103963851929 12.512476921082 11.964282035828 11.332117080688 10.53044128418 9.8039054870605 9.3449096679688 9.0501022338867 8.8212423324585 8.5890731811523 8.2824068069458 7.8598184585571 7.3001208305359 7.1183023452759 7.0895395278931 7.2005696296692 7.3911190032959 7.5424551963806 7.6468000411987 7.7929015159607 7.9741034507751 8.1292161941528
-999 -999 -999 -999 -999 -999 -999 -999 -999 -999 -999 -999 -999 -999 -999 -999 -999 -999 -999 -999 -999 -999 -999 -999 -999 -999 -999 12.40679359436 12.78048324585 13.074896812439 13.203453063965 13.171155929565 13.238765716553 13.446755409241 13.788867950439 14.220180511475 14.466471672058 14.545827865601 14.611231803894 14.721306800842 14.786214828491 14.640367507935 14.251782417297 13.713090896606 13.12690448761 12.543710708618 11.94056892395 11.251131057739 10.481547355652 9.836727142334 9.4646110534668 9.2155685424805 8.9915285110474 8.7012405395508 8.2464933395386 7.5361351966858 7.2072305679321 7.1141595840454 7.1504874229431 7.2592844963074 7.4363656044006 7.640784740448 7.8071503639221 7.938729763031 8.0526857376099 8.1485595703125
-999 -999 -999 -999 -999 -999 -999 -999 -999 -999 -999 -999 -999 -999 -999 -999 -999 -999 -999 -999 -999 -999 -999 -999 -999 -999 12.508659362793 12.943675994873 13.356373786926 13.741380691528 14.072790145874 14.344061851501 14.589472770691 14.823406219482 15.042088508606 15.22206401825 15.313372612 15.310509681702 15.240396499634 15.108232498169 14.884414672852 14.540457725525 14.100871086121 13.606653213501 13.074213027954 12.508255958557 11.896443367004 11.227257728577 10.551321029663 10.001188278198 9.6430559158325 9.3830986022949 9.1240434646606 8.7514028549194 8.0130491256714 7.5602226257324 7.2676615715027 7.1759371757507 7.2038745880127 7.2826991081238 7.4588570594788 7.6982436180115 7.9006695747375 8.0172758102417 8.0580053329468 8.0865621566772
-999 -999 -999 -999 -999 -999 -999 -999 -999 -999 -999 -999 -999 -999 -999 -999 -999 -999 -999 -999 -999 -999 -999 -999 -999 -999 12.945698738098 13.424873352051 13.895596504211 14.359775543213 14.797275543213 15.179907798767 15.492563247681 15.725769042969 15.873073577881 15.929376602173 15.889424324036 15.756632804871 15.54317855835 15.257749557495 14.894986152649 14.456932067871 13.993535995483 13.526520729065 13.025963783264 12.482149124146 11.893707275391 11.27491569519 10.680976867676 10.188965797424 9.8245458602905 9.5228404998779 9.1791343688965 8.7426691055298 8.3500137329102 8.0298233032227 7.4503560066223 7.2878656387329 7.2860174179077 7.3477973937988 7.540783405304 7.7848143577576 7.9778738021851 8.0614500045776 7.9997549057007 7.9255499839783
-999 -999 -999 -999 -999 -999 -999 -999 -999 -999 -999 -999 -999 -999 -999 -999 -999 -999 -999 -999 -999 -999 -999 -999 -999 12.801096916199 13.344127655029 13.890348434448 14.439336776733 14.985806465149 15.503883361816 15.950645446777 16.297319412231 16.525392532349 16.625881195068 16.598659515381 16.449556350708 16.190441131592 15.842710494995 15.438210487366 14.986419677734 14.494902610779 13.999871253967 13.514666557312 13.015791893005 12.487851142883 11.931045532227 11.361968994141 10.820181846619 10.358431816101 9.9818534851074 9.6213283538818 9.1321315765381 8.3047180175781 7.9684228897095 8.0255250930786 7.5511503219604 7.41419506073 7.4448056221008 7.5366621017456 7.7220439910889 7.9050488471985 8.0017290115356 8.0161781311035 7.8454527854919 7.6718239784241
-999 -999 -999 -999 -999 -999 -999 -999 -999 -999 -999 -999 -999 -999 -999 -999 -999 -999 -999 -999 -999 -999 -999 -999 12.50741481781 13.096734046936 13.711247444153 14.349955558777 15.001979827881 15.648145675659 16.250579833984 16.760587692261 17.141170501709 17.367950439453 17.429576873779 17.328678131104 17.078540802002 16.701061248779 16.230222702026 15.712579727173 15.170973777771 14.617210388184 14.073483467102 13.55039691925 13.036647796631 12.518671035767 11.992800712585 11.467353820801 10.963670730591 10.510041236877 10.098526954651 9.6698369979858 9.092381477356 8.1952085494995 7.8354272842407 7.743923664093 7.5749044418335 7.5028982162476 7.5818910598755 7.7481465339661 7.9477095603943 8.0266647338867 7.9142513275146 7.7695980072021 7.5648097991943 7.361852645874
-999 -999 -999 -999 -999 -999 -999 -999 -999 -999 -999 -999 -999 -999 -999 -999 -999 -999 -999 -999 -999 -999 -999 -999 12.682361602783 13.334142684937 14.036259651184 14.786806106567 15.564611434937 16.334789276123 17.045244216919 17.637544631958 18.065324783325 18.29746055603 18.321109771729 18.143930435181 17.788660049438 17.290807723999 16.696323394775 16.054735183716 15.402805328369 14.763401031494 14.155772209167 13.590076446533 13.060497283936 12.554025650024 12.060105323792 11.574139595032 11.095983505249 10.620941162109 10.121566772461 9.5740699768066 8.977237701416 8.1856737136841 7.8879351615906 7.9647216796875 7.6615443229675 7.5741038322449 7.6660962104797 7.8779611587524 8.1139240264893 8.1375856399536 7.8081793785095 7.4775424003601 7.2154793739319 7.0073623657227
-999 -999 -999 -999 -999 -999 -999 -999 -999 -999 -999 -999 -999 -999 -999 -999 -999 -999 -999 -999 -999 -999 -999 -999 12.783427238464 13.499875068665 14.297288894653 15.173525810242 16.101013183594 17.028186798096 17.883178710938 18.588989257813 19.085876464844 19.333002090454 19.315258026123 19.048801422119 18.57080078125 17.93314743042 17.194114685059 16.409593582153 15.628163337708 14.884385108948 14.202120780945 13.594115257263 13.055247306824 12.568838119507 12.112847328186 11.664391517639 11.19672870636 10.659823417664 9.9966945648193 9.1403226852417 8.5852422714233 8.159161567688 7.9436192512512 7.8629717826843 7.7599744796753 7.7103776931763 7.7630491256714 7.902868270874 8.0878276824951 8.0431928634644 7.6220626831055 7.1648387908936 6.868016242981 6.6749968528748
-999 -999 -999 -999 -999 -999 -999 -999 -999 -999 -999 -999 -999 -999 -999 -999 -999 -999 -999 -999 -999 -999 -999 12.106154441833 12.794968605042 13.570734977722 14.462579727173 15.475393295288 16.581033706665 17.709703445435 18.757801055908 19.618564605713 20.213832855225 20.488307952881 20.422250747681 20.044185638428 19.412588119507 18.602380752563 17.687553405762 16.735345840454 15.805086135864 14.941831588745 14.177963256836 13.529523849487 12.989740371704 12.535538673401 12.128953933716 11.721535682678 11.26100063324 10.644300460815 9.6861772537231 9.0009927749634 8.5293807983398 8.2153043746948 8.0485143661499 7.9605555534363 7.9038758277893 7.8778944015503 7.8845710754395 7.9198813438416 7.9466605186462 7.7918572425842 7.3678011894226 6.8928542137146 6.6312956809998 6.4614491462708
-999 -999 -999 -999 -999 -999 -999 -999 -999 -999 -999 -999 -999 -999 -999 -999 -999 -999 -999 -999 -999 -999 -999 11.969347953796 12.685389518738 13.513138771057 14.491429328918 15.645749092102 16.960510253906 18.348173141479 19.652900695801 20.720821380615 21.451887130737 21.771783828735 21.646722793579 21.126815795898 20.300634384155 19.273422241211 18.144842147827 16.998411178589 15.902713775635 14.909502983093 14.060244560242 13.374080657959 12.838337898254 12.424489021301 12.079300880432 11.72181892395 11.288799285889 10.673843383789 9.7125368118286 9.0822954177856 8.6609554290771 8.379467010498 8.2153940200806 8.1235580444336 8.0705890655518 8.0380430221558 8.0033102035522 7.9467506408691 7.8514857292175 7.6349430084229 7.273042678833 6.8938746452332 6.6340370178223 6.4463496208191
-999 -999 -999 -999 -999 -999 -999 -999 -999 -999 -999 -999 -999 -999 -999 -999 -999 -999 -999 -999 -999 -999 -999 -999 -999 13.2870054245 14.336011886597 15.626742362976 17.174409866333 18.889434814453 20.534934997559 21.877611160278 22.796016693115 23.189437866211 22.997068405151 22.296918869019 21.218969345093 19.917503356934 18.532047271729 17.168516159058 15.900909423828 14.778502464294 13.848191261292 13.128519058228 12.592282295227 12.212844848633 11.923968315125 11.625583648682 11.258991241455 10.745666503906 9.9217529296875 9.3540821075439 8.9032402038574 8.5887002944946 8.3991422653198 8.2878217697144 8.2157678604126 8.1547746658325 8.0814399719238 7.9801487922668 7.8368163108826 7.6225776672363 7.3385705947876 7.0448126792908 6.7883238792419 6.5666174888611
-999 -999 -999 -999 -999 -999 -999 -999 -999 -999 -999 -999 -999 -999 -999 -999 -999 -999 -999 -999 -999 -999 -999 -999 -999 -999 -999 -999 17.142042160034 19.242160797119 21.334505081177 23.059913635254 24.260732650757 24.767789840698 24.506029129028 23.564790725708 22.146430969238 20.490676879883 18.799388885498 17.205381393433 15.781519889832 14.560693740845 13.57362651825 12.826314926147 12.277315139771 11.918814659119 11.662795066833 11.424207687378 11.154893875122 10.81578540802 10.391547203064 9.9215812683105 9.2575016021729 8.839789390564 8.5884675979614 8.4432830810547 8.3440589904785 8.2543268203735 8.1547241210938 8.0365924835205 7.8886742591858 7.6982989311218 7.453010559082 7.1539711952209 6.8512768745422 6.5851445198059
-999 -999 -999 -999 -999 -999 -999 -999 -999 -999 -999 -999 -999 -999 -999 -999 -999 -999 -999 -999 -999 -999 -999 -999 -999 -999 -999 -999 16.837558746338 19.337059020996 21.967004776001 24.277212142944 25.923768997192 26.622344970703 26.250507354736 24.945640563965 23.040037155151 20.916130065918 18.864902496338 17.04309463501 15.504180908203 14.244319915771 13.249976158142 12.498618125916 11.956588745117 11.598315238953 11.357621192932 11.16576385498 10.981938362122 10.780144691467 10.534324645996 10.223875999451 9.7890729904175 9.1757287979126 8.8253803253174 8.6282215118408 8.5009613037109 8.388409614563 8.2711782455444 8.1462373733521 8.0044021606445 7.8280868530273 7.5490713119507 7.0437207221985 6.4169707298279 6.0969095230103
-999 -999 -999 -999 -999 -999 -999 -999 -999 -999 -999 -999 -999 -999 -999 -999 -999 -999 -999 -999 -999 -999 -999 -999 -999 -999 -999 14.124455451965 16.391689300537 19.314086914063 22.57276725769 25.628030776978 27.901550292969 28.87825012207 28.312120437622 26.430372238159 23.810998916626 21.070240020752 18.61336517334 16.59543800354 15.007872581482 13.775895118713 12.83057975769 12.121700286865 11.609424591064 11.260955810547 11.033019065857 10.878724098206 10.761048316956 10.653102874756 10.527388572693 10.344124794006 10.071290969849 9.6908483505249 9.1787385940552 8.9346809387207 8.7785606384277 8.641788482666 8.5070991516113 8.3721904754639 8.2251319885254 8.0167818069458 7.6238408088684 6.5901708602905 4.8263988494873 4.1433176994324
-999 -999 -999 -999 -999 -999 -999 -999 -999 -999 -999 -999 -999 -999 -999 -999 -999 -999 -999 -999 -999 -999 -999 -999 -999 10.842481613159 11.159026145935 13.4905128479 16.060256958008 19.304456710815 23.21294593811 27.123441696167 30.213771820068 31.58016204834 30.682384490967 27.908784866333 24.283838272095 20.779237747192 17.918996810913 15.793281555176 14.26030254364 13.138432502747 12.301595687866 11.676770210266 11.219137191772 10.899664878845 10.695111274719 10.579025268555 10.516474723816 10.479807853699 10.440711021423 10.362562179565 10.216197013855 9.9864568710327 9.7043485641479 9.4668245315552 9.271785736084 9.0950241088867 8.9310913085938 8.7774677276611 8.6091718673706 8.3087692260742 7.4770712852478 5.337682723999 4.0179162025452 3.3436315059662
-999 -999 -999 -999 -999 -999 -999 -999 -999 -999 -999 -999 -999 -999 -999 -999 -999 -999 -999 -999 -999 -999 -999 -999 -999 -999 10.204694747925 13.092608451843 15.853523254395 19.308483123779 23.715402603149 28.427013397217 32.484580993652 34.421745300293 33.034061431885 29.033538818359 24.182312011719 19.885141372681 16.736263275146 14.664797782898 13.313137054443 12.379497528076 11.696590423584 11.184285163879 10.802411079407 10.530755996704 10.361226081848 10.286024093628 10.271381378174 10.298166275024 10.341498374939 10.357269287109 10.303859710693 10.163223266602 9.9593572616577 9.7393379211426 9.5252618789673 9.3273448944092 9.1507358551025 8.9914302825928 8.8188629150391 8.5019330978394 7.6315517425537 5.453770160675 4.0694575309753 3.316864490509
-999 -999 -999 -999 -999 -999 -999 -999 -999 -999 -999 -999 -999 -999 -999 -999 -999 -999 -999 -999 -999 -999 -999 -999 -999 -999 -999 12.842091560364 15.535691261292 19.035697937012 23.541046142578 28.681409835815 33.550468444824 36.251323699951 34.293163299561 29.109069824219 23.254726409912 18.454780578613 15.269698143005 13.424812316895 12.32611656189 11.606013298035 11.085444450378 10.690576553345 10.392186164856 10.181721687317 10.060175895691 10.021445274353 10.048069000244 10.135284423828 10.267552375793 10.378551483154 10.40142250061 10.305794715881 10.113288879395 9.8771162033081 9.6392583847046 9.4270315170288 9.2478895187378 9.0943565368652 8.9410753250122 8.6985216140747 8.1288900375366 6.9472246170044 4.8893342018127 3.7810382843018
-999 -999 -999 -999 -999 -999 -999 -999 -999 -999 -999 -999 -999 -999 -999 -999 -999 -999 -999 -999 -999 -999 -999 -999 -999 -999 -999 -999 14.37513923645 17.718585968018 21.968196868896 26.865940093994 31.658458709717 34.477806091309 32.538875579834 27.398992538452 21.63094329834 17.031879425049 14.095235824585 12.436608314514 11.516496658325 10.949975013733 10.551692962646 10.2508020401 10.023115158081 9.8672904968262 9.791654586792 9.7967014312744 9.8719673156738 10.018931388855 10.239532470703 10.441714286804 10.535360336304 10.458740234375 10.240555763245 9.9644584655762 9.6926565170288 9.4697751998901 9.297176361084 9.158712387085 9.0324983596802 8.8638553619385 8.5067119598389 7.7004351615906 6.3791031837463 4.5942707061768
-999 -999 -999 -999 -999 -999 -999 -999 -999 -999 -999 -999 -999 -999 -999 -999 -999 -999 -999 -999 -999 -999 -999 -999 -999 -999 -999 -999 11.828651428223 15.156359672546 18.807931900024 22.854730606079 26.668235778809 28.777214050293 27.685308456421 24.031396865845 19.629316329956 15.912978172302 13.388674736023 11.871470451355 11.015340805054 10.503294944763 10.165244102478 9.9210090637207 9.7381067276001 9.6133871078491 9.5658750534058 9.6163244247437 9.7540683746338 9.9704160690308 10.240009307861 10.506655693054 10.656145095825 10.56602191925 10.294241905212 9.9866495132446 9.7025384902954 9.4856300354004 9.3324317932129 9.2156991958618 9.1133155822754 8.9801940917969 8.673975944519 7.8500032424927 6.0761189460754 5.8533849716187
