datos/01-EFM-Pronostico-de-Enero-2021-Lluvia/02_Febrero/GRDS/02_2021_Clim.grd
DSAA
390 228
-118.47924025641 -86.14575974359
14.037283991228 32.871016008772
-999 233.36717224121
[rows 87 to 115 of 228, columns 132 to 197 of 390]
-999 -999 -999 -999 -999 -999 -999 -999 -999 -999 -999 -999 -999 -999 -999 -999 -999 -999 -999 -999 -999 -999 -999 -999 -999 -999 -999 -999 16.786235809326 17.462677001953 18.599752426147 20.051542282104 21.503932952881 22.385473251343 21.888620376587 20.200933456421 18.138486862183 16.305885314941 14.900266647339 13.869996070862 13.106352806091 12.523319244385 12.116080284119 11.913698196411 11.839963912964 11.81308555603 11.813504219055 11.866168022156 11.945219993591 11.969242095947 11.94043636322 11.984809875488 12.007745742798 11.840998649597 11.569692611694 11.331944465637 11.160706520081 11.048763275146 10.955533981323 10.84015083313 10.692041397095 10.525986671448 10.366623878479 10.235819816589 10.151945114136 10.128432273865
-999 -999 -999 -999 -999 -999 -999 -999 -999 -999 -999 -999 -999 -999 -999 -999 -999 -999 -999 -999 -999 -999 -999 -999 -999 -999 -999 -999 16.585941314697 16.712110519409 17.054368972778 17.59309387207 18.192478179932 18.654420852661 18.335960388184 17.377168655396 16.32395362854 15.317830085754 14.420327186584 13.649085998535 12.996047973633 12.459655761719 12.051048278809 11.901032447815 11.867732048035 11.85894203186 11.852935791016 11.892409324646 12.05543422699 12.125538825989 12.08096408844 11.997898101807 11.863126754761 11.633787155151 11.411227226257 11.248212814331 11.146405220032 11.107657432556 11.065184593201 10.9636926651 10.799496650696 10.609467506409 10.432465553284 10.296493530273 10.221947669983 10.223519325256
-999 -999 -999 -999 -999 -999 -999 -999 -999 -999 -999 -999 -999 -999 -999 -999 -999 -999 -999 -999 -999 -999 -999 -999 -999 -999 -999 -999 16.72314453125 16.492719650269 16.303153991699 16.254465103149 16.334739685059 16.389535903931 16.089008331299 15.529690742493 15.069416046143 14.607996940613 14.107427597046 13.587958335876 13.093481063843 12.653969764709 12.314472198486 12.147165298462 12.098544120789 12.094150543213 12.117859840393 12.202610969543 12.338503837585 12.366671562195 12.223496437073 11.984663009644 11.689422607422 11.393697738647 11.25544834137 11.190004348755 11.174301147461 11.198412895203 11.193451881409 11.084734916687 10.88219833374 10.654599189758 10.451972961426 10.301630973816 10.224109649658 10.236434936523
-999 -999 -999 -999 -999 -999 -999 -999 -999 -999 -999 -999 -999 13.200227737427 -999 -999 -999 -999 -999 -999 -999 -999 -999 -999 -999 -999 -999 -999 16.99998664856 16.582971572876 16.135753631592 15.753988265991 15.50293636322 15.354784011841 15.093121528625 14.76501750946 14.51411151886 14.298508644104 14.036782264709 13.710740089417 13.353047370911 12.998426437378 12.708537101746 12.530756950378 12.452967643738 12.439394950867 12.475227355957 12.558710098267 12.623537063599 12.551512718201 12.310706138611 11.986440658569 11.648851394653 11.377046585083 11.241211891174 11.21522808075 11.242955207825 11.291199684143 11.293538093567 11.152059555054 10.89955997467 10.637445449829 10.412045478821 10.243130683899 10.15210723877 10.16453742981
-999 -999 -999 -999 -999 -999 -999 -999 -999 -999 -999 -999 12.957885742188 -999 -999 -999 -999 -999 -999 -999 -999 -999 -999 -999 -999 -999 17.207963943481 17.361320495605 17.093441009521 16.629423141479 16.139663696289 15.687348365784 15.347805976868 15.107353210449 14.85447883606 14.602307319641 14.425049781799 14.311784744263 14.186352729797 13.975153923035 13.68381023407 13.377214431763 13.116239547729 12.935014724731 12.832753181458 12.790156364441 12.787247657776 12.792888641357 12.738383293152 12.564759254456 12.291483879089 11.971996307373 11.681706428528 11.464964866638 11.345601081848 11.305053710938 11.313296318054 11.335516929626 11.289143562317 11.104574203491 10.826357841492 10.552428245544 10.31750202179 10.129596710205 10.013426780701 10.014978408813
-999 -999 -999 -999 -999 -999 -999 -999 -999 -999 -999 12.616720199585 -999 -999 -999 -999 -999 -999 -999 -999 -999 -999 -999 -999 -999 16.618858337402 16.960485458374 17.047323226929 16.821603775024 16.431007385254 16.025630950928 15.627025604248 15.319637298584 15.090587615967 14.872378349304 14.665204048157 14.522144317627 14.453095436096 14.397004127502 14.240986824036 13.983312606812 13.711416244507 13.476899147034 13.301038742065 13.181289672852 13.10032081604 13.032601356506 12.939471244812 12.77094078064 12.503409385681 12.181618690491 11.92822933197 11.733159065247 11.588772773743 11.493936538696 11.426176071167 11.380195617676 11.356565475464 11.265416145325 11.028401374817 10.7172498703 10.443726539612 10.207348823547 9.9994487762451 9.8412322998047 9.8142366409302
-999 -999 -999 -999 -999 -999 -999 -999 -999 -999 -999 -999 -999 -999 -999 -999 -999 -999 -999 -999 -999 -999 -999 -999 -999 16.20802116394 16.441562652588 -999 16.343648910522 16.037618637085 15.696687698364 15.403612136841 15.180931091309 15.014456748962 14.850564002991 14.682527542114 14.560840606689 14.509317398071 14.477973937988 14.371620178223 14.177865982056 13.962472915649 13.768529891968 13.611561775208 13.486080169678 13.374088287354 13.248380661011 13.073895454407 12.818420410156 12.482740402222 12.146100997925 11.927932739258 11.824035644531 11.757493019104 11.68590927124 11.598978042603 11.494256019592 11.425647735596 11.33598613739 11.079643249512 10.708629608154 10.416791915894 10.152812957764 9.9261331558228 9.7102956771851 9.6299715042114
-999 -999 -999 -999 -999 -999 -999 -999 -999 -999 -999 -999 -999 -999 -999 -999 -999 -999 -999 -999 -999 -999 -999 -999 15.471011161804 15.682582855225 15.830903053284 15.868305206299 15.770815849304 -999 15.264039039612 15.042461395264 14.902794837952 14.819421768188 14.722098350525 14.587675094604 14.482721328735 14.444979667664 14.436104774475 14.385050773621 14.273499488831 14.133128166199 13.995247840881 13.872019767761 13.757832527161 13.634375572205 13.47421169281 13.245620727539 12.925292015076 12.526082038879 12.149168014526 11.969977378845 11.979360580444 12.005696296692 11.936900138855 11.814108848572 11.695074081421 11.589484214783 11.549220085144 11.424496650696 11.050343513489 10.621808052063 10.220576286316 9.9499635696411 9.7156705856323 9.6056718826294
-999 -999 -999 -999 -999 -999 -999 -999 -999 -999 -999 -999 -999 -999 -999 -999 -999 -999 -999 -999 -999 -999 -999 -999 15.053051948547 15.167360305786 15.236653327942 15.215196609497 15.097547531128 14.930282592773 14.757486343384 14.616526603699 14.543965339661 14.531328201294 14.503913879395 14.425142288208 14.344729423523 14.335217475891 14.359529495239 14.35958480835 14.318438529968 14.250325202942 14.173401832581 14.095743179321 14.011686325073 13.902594566345 13.740030288696 13.491586685181 13.134951591492 12.689167976379 12.267621040344 12.117616653442 12.212644577026 12.288312911987 12.143640518188 11.934579849243 11.830623626709 11.777639389038 11.873764038086 12.023195266724 11.736638069153 11.082996368408 10.513307571411 10.204946517944 9.9407052993774 9.7279033660889
-999 -999 -999 -999 -999 -999 -999 -999 -999 -999 -999 -999 -999 -999 -999 -999 -999 -999 -999 -999 -999 -999 -999 14.611924171448 14.709412574768 14.761877059937 14.762418746948 14.68482208252 14.552745819092 14.440734863281 14.35733127594 14.276016235352 14.237270355225 14.28385925293 14.318963050842 14.300023078918 14.263546943665 14.272472381592 14.31208896637 14.342391014099 14.348997116089 14.338030815125 14.318514823914 14.294227600098 14.258347511292 14.191789627075 14.064161300659 13.840307235718 13.500621795654 13.077202796936 12.69150352478 12.519368171692 12.53272819519 12.501575469971 12.260560035706 11.936195373535 11.786626815796 11.894975662231 12.181008338928 12.538995742798 12.247964859009 11.46538066864 10.774353027344 10.487899780273 10.30858039856 10.044788360596
-999 -999 -999 -999 -999 -999 -999 -999 -999 -999 -999 -999 -999 -999 -999 -999 -999 -999 -999 -999 -999 -999 -999 14.365615844727 14.449995040894 14.490781784058 14.480781555176 14.402144432068 14.299654960632 14.253714561462 14.219123840332 14.177509307861 14.162796974182 14.219271659851 14.270151138306 14.279391288757 14.269637107849 14.2777967453 14.307862281799 14.344220161438 14.376348495483 14.405237197876 14.43577003479 14.46842956543 14.495836257935 14.498691558838 14.443243026733 14.287484169006 14.007616043091 13.643005371094 13.30046749115 13.078548431396 12.950815200806 12.776138305664 12.458258628845 12.086889266968 11.925065040588 12.157519340515 12.553268432617 12.782264709473 12.353883743286 11.461239814758 10.774753570557 10.587098121643 10.568078041077 10.357377052307
-999 -999 -999 -999 -999 -999 -999 -999 -999 -999 -999 -999 -999 -999 -999 -999 -999 -999 -999 -999 -999 -999 -999 14.161255836487 14.262386322021 14.350424766541 14.417152404785 14.428461074829 14.402359962463 14.398983955383 14.380162239075 14.358655929565 14.34845161438 14.364595413208 14.377482414246 14.366480827332 14.342067718506 14.325078964233 14.329398155212 14.354294776917 14.393770217896 14.447463989258 14.518575668335 14.606750488281 14.705055236816 14.795490264893 14.841732978821 14.786520957947 14.58104133606 14.263867378235 13.941729545593 13.680390357971 13.460155487061 13.205739974976 12.873973846436 12.538220405579 12.393899917603 12.560261726379 12.844378471375 12.906174659729 12.279289245605 11.253720283508 10.581301689148 10.448466300964 10.658864974976 10.666896820068
-999 -999 -999 -999 -999 -999 -999 -999 -999 -999 -999 -999 -999 -999 -999 -999 -999 -999 -999 -999 -999 -999 -999 13.990925788879 14.123532295227 14.299041748047 14.519751548767 14.709537506104 14.801698684692 14.813199043274 14.780784606934 14.733478546143 14.687546730042 14.646056175232 14.597947120667 14.534029960632 14.461976051331 14.394939422607 14.35903263092 14.358715057373 14.390051841736 14.453682899475 14.553593635559 14.689771652222 14.855596542358 15.03413105011 15.189476966858 15.250784873962 15.118886947632 14.83194732666 14.53227519989 14.267747879028 14.022342681885 13.757943153381 13.458518981934 13.170352935791 12.989835739136 12.957781791687 12.954407691956 12.721380233765 12.016961097717 11.108819961548 10.466094017029 10.362235069275 10.61351776123 10.79721736908
-999 -999 -999 -999 -999 -999 -999 -999 -999 -999 -999 -999 -999 -999 -999 -999 -999 -999 -999 -999 -999 -999 -999 13.856594085693 14.01668548584 14.277431488037 14.672723770142 15.076010704041 15.293481826782 15.328984260559 15.275464057922 15.190100669861 15.096171379089 14.996433258057 14.884686470032 14.755934715271 14.614989280701 14.48334980011 14.395022392273 14.354058265686 14.35906124115 14.413995742798 14.526704788208 14.697876930237 14.917320251465 15.162906646729 15.395916938782 15.545796394348 15.489171981812 15.263875961304 15.028810501099 14.806715965271 14.588325500488 14.35519695282 14.093356132507 13.814352035522 13.540340423584 13.268501281738 12.937473297119 12.418031692505 11.654253005981 10.833142280579 10.267369270325 10.17258644104 10.418066978455 10.630342483521
-999 -999 -999 -999 -999 -999 -999 -999 -999 -999 -999 -999 -999 -999 -999 -999 -999 -999 -999 -999 -999 -999 13.625631332397 13.785739898682 13.97608089447 14.27734375 14.770455360413 15.318875312805 15.67399597168 15.778769493103 15.742280960083 15.646445274353 15.522265434265 15.376876831055 15.209713935852 15.018187522888 14.809823036194 14.608484268188 14.450073242188 14.3462266922 14.301649093628 14.324149131775 14.42941570282 14.620301246643 14.87756729126 15.164167404175 15.427707672119 15.603317260742 15.634702682495 15.547468185425 15.417988777161 15.275974273682 15.119811058044 14.937233924866 14.695560455322 14.382741928101 13.996202468872 13.511783599854 12.90057849884 12.14533996582 11.296844482422 10.522238731384 10.041589736938 9.9862003326416 10.200769424438 10.396856307983
-999 -999 -999 -999 -999 -999 -999 -999 -999 -999 -999 -999 -999 -999 -999 -999 -999 -999 -999 -999 -999 -999 13.582387924194 13.787628173828 14.042414665222 14.380813598633 14.820141792297 15.388760566711 15.851887702942 16.086965560913 16.13579750061 16.075531005859 15.949886322021 15.776203155518 15.561761856079 15.313021659851 15.042164802551 14.77171421051 14.530553817749 14.345960617065 14.227981567383 14.190102577209 14.264225006104 14.461074829102 14.746808052063 15.064966201782 15.347019195557 15.5404920578 15.653395652771 15.699628829956 15.690314292908 15.651966094971 15.591045379639 15.470498085022 15.219576835632 14.843103408813 14.355536460876 13.714933395386 12.892698287964 11.957509040833 11.038435935974 10.318826675415 9.9658670425415 9.9601249694824 10.107451438904 10.234782218933
-999 -999 -999 -999 -999 -999 -999 -999 -999 -999 -999 -999 -999 -999 -999 -999 -999 -999 -999 -999 -999 13.35825252533 -999 13.815217971802 14.123071670532 14.487476348877 14.91819858551 15.469799041748 15.994750022888 16.349353790283 16.504793167114 16.503772735596 16.390567779541 16.194961547852 15.936993598938 15.633051872253 15.30019569397 14.960958480835 14.640504837036 14.367108345032 14.159039497375 14.037170410156 14.05463218689 14.239995002747 14.542093276978 14.892376899719 15.206734657288 15.424993515015 15.593576431274 15.727831840515 15.80809879303 15.864869117737 15.910617828369 15.870022773743 15.592951774597 15.15894317627 14.598690986633 13.862961769104 12.924738883972 11.887009620667 10.925947189331 10.300371170044 10.067881584167 10.084193229675 10.14005947113 10.174926757813
-999 -999 -999 -999 -999 -999 -999 -999 -999 -999 -999 -999 -999 -999 -999 -999 -999 -999 -999 -999 -999 13.329429626465 13.549669265747 13.837640762329 14.196134567261 14.603862762451 15.076656341553 15.653765678406 16.244674682617 16.696321487427 16.935096740723 16.976232528687 16.865201950073 16.64155960083 16.335824966431 15.972023010254 15.572400093079 15.161561012268 14.765075683594 14.407796859741 14.112342834473 13.908596038818 13.852454185486 13.98429775238 14.273188591003 14.637703895569 14.981011390686 15.226535797119 15.420587539673 15.581067085266 15.70712852478 15.828633308411 15.941179275513 15.949650764465 15.718605995178 15.302702903748 14.718982696533 13.953192710876 13.022481918335 12.007431030273 11.067736625671 10.511033058167 10.312125205994 10.269934654236 10.25049495697 10.206259727478
-999 -999 -999 -999 -999 -999 -999 -999 -999 -999 -999 -999 -999 -999 -999 -999 -999 -999 -999 -999 13.142782211304 13.304341316223 13.52832698822 13.875473022461 14.331433296204 14.831197738647 15.3669090271 16.001134872437 16.676706314087 17.204990386963 17.482761383057 17.52760887146 17.393737792969 17.126321792603 16.760791778564 16.325733184814 15.848101615906 15.357105255127 14.881010055542 14.446012496948 14.07751083374 13.805304527283 13.669764518738 13.714305877686 13.957201957703 14.293020248413 14.625791549683 14.896636009216 15.091114997864 15.234578132629 15.376688957214 15.538975715637 15.687708854675 15.743114471436 15.623110771179 15.29386138916 14.741525650024 14.017992019653 13.186327934265 12.325925827026 11.556709289551 11.009230613708 10.701482772827 10.53874874115 10.427978515625 10.322684288025
-999 -999 -999 -999 -999 -999 -999 -999 -999 -999 -999 -999 -999 -999 -999 -999 -999 -999 12.730187416077 13.002493858337 13.171689987183 13.289744377136 13.518071174622 13.977870941162 14.613626480103 15.277575492859 15.912711143494 16.607164382935 17.343898773193 17.899593353271 18.158016204834 18.16695022583 17.984445571899 17.654516220093 17.212051391602 16.688821792603 16.117111206055 15.532169342041 14.967321395874 14.452828407288 14.017601013184 13.688853263855 13.494201660156 13.466774940491 13.622410774231 13.885533332825 14.172368049622 14.424548149109 14.607560157776 14.740006446838 14.88667678833 15.075274467468 15.247247695923 15.349536895752 15.328749656677 15.112493515015 14.630847930908 14.003089904785 13.313723564148 12.637644767761 12.042935371399 11.508874893188 11.102825164795 10.82977104187 10.63994884491 10.492010116577
-999 -999 -999 -999 -999 -999 -999 -999 -999 -999 -999 -999 -999 -999 -999 -999 -999 -999 12.726194381714 13.051580429077 13.237146377563 13.313462257385 13.562366485596 14.212686538696 15.125186920166 16.027143478394 16.816265106201 17.551607131958 18.23215675354 18.72350692749 18.9280834198 18.881483078003 18.633869171143 18.223543167114 17.685037612915 17.053804397583 16.368408203125 15.671365737915 15.002789497375 14.399207115173 13.893439292908 13.511916160583 13.273686408997 13.184139251709 13.248485565186 13.423128128052 13.642865180969 13.856058120728 14.032934188843 14.180191040039 14.340281486511 14.527300834656 14.699590682983 14.817862510681 14.842673301697 14.694728851318 14.336392402649 13.832566261292 13.276621818542 12.732616424561 12.23522567749 11.767957687378 11.36358833313 11.055223464966 10.832245826721 10.669220924377
-999 -999 -999 -999 -999 -999 -999 -999 -999 -999 -999 -999 -999 -999 -999 -999 -999 12.220049858093 12.666250228882 13.056155204773 13.336322784424 13.454605102539 13.801242828369 14.728518486023 15.951953887939 17.078870773315 17.971284866333 18.690658569336 19.266368865967 19.64451789856 19.773885726929 19.660776138306 19.335807800293 18.829175949097 18.174821853638 17.412872314453 16.590185165405 15.758797645569 14.967008590698 14.25842666626 13.670205116272 13.226972579956 12.938251495361 12.799322128296 12.797064781189 12.898671150208 13.058304786682 13.239569664001 13.417187690735 13.584888458252 13.755997657776 13.933269500732 14.093152999878 14.208222389221 14.243368148804 14.144263267517 13.881906509399 13.478739738464 13.019466400146 12.567578315735 12.155334472656 11.780663490295 11.447182655334 11.173305511475 10.965342521667 10.817645072937
-999 -999 -999 -999 -999 -999 -999 -999 -999 -999 -999 -999 -999 -999 -999 11.271973609924 11.633222579956 12.079467773438 12.578449249268 13.044379234314 13.415125846863 13.884930610657 14.586915016174 15.727022171021 17.109855651855 18.347066879272 19.253406524658 19.919410705566 20.387355804443 20.650547027588 20.688793182373 20.496801376343 20.083465576172 19.465503692627 18.674121856689 17.755531311035 16.768060684204 15.776792526245 14.840231895447 14.008829116821 13.32452583313 12.812062263489 12.476366043091 12.30232334137 12.261192321777 12.317025184631 12.435104370117 12.596213340759 12.775103569031 12.954120635986 13.12911605835 13.295935630798 13.440363883972 13.542337417603 13.576489448547 13.506437301636 13.297643661499 12.962176322937 12.572376251221 12.198790550232 11.883672714233 11.623328208923 11.394261360168 11.190755844116 11.02418422699 10.910391807556
-999 -999 -999 -999 -999 -999 -999 -999 -999 -999 -999 -999 -999 -999 10.854660987854 11.101121902466 11.46586894989 11.989706993103 12.625038146973 13.283249855042 13.9480676651 14.755440711975 15.778510093689 17.04998588562 18.432403564453 19.655437469482 20.559593200684 21.168973922729 21.537940979004 21.694982528687 21.642305374146 21.369510650635 20.863716125488 20.122381210327 19.171524047852 18.066781997681 16.883855819702 15.706317901611 14.605494499207 13.637154579163 12.846569061279 12.264925003052 11.896026611328 11.709508895874 11.658177375793 11.69750213623 11.796907424927 11.943428993225 12.117314338684 12.295099258423 12.464575767517 12.618117332458 12.743284225464 12.824180603027 12.844724655151 12.788319587708 12.615888595581 12.329586982727 12.002986907959 11.706484794617 11.50279045105 11.37507724762 11.261815071106 11.135809898376 11.013690948486 10.932374000549
-999 -999 -999 -999 -999 -999 -999 -999 -999 -999 -999 -999 -999 10.626108169556 10.773118019104 10.986290931702 11.428247451782 12.113473892212 12.963802337646 13.886077880859 14.851002693176 15.920378684998 17.1334400177 18.469034194946 19.815883636475 20.992879867554 21.861270904541 22.396278381348 22.661100387573 22.716907501221 22.582721710205 22.241285324097 21.651968002319 20.781860351563 19.648633956909 18.3254737854 16.915979385376 15.529252052307 14.254104614258 13.145662307739 12.243985176086 11.598505973816 11.218832015991 11.047326087952 11.011953353882 11.058903694153 11.156199455261 11.293651580811 11.454788208008 11.618120193481 11.771677017212 11.904208183289 12.00254535675 12.051732063293 12.038942337036 11.972785949707 11.835378646851 11.62494468689 11.38556098938 11.179780960083 11.097045898438 11.09859085083 11.092712402344 11.03507900238 10.955101966858 10.902542114258
-999 -999 -999 -999 -999 -999 -999 -999 -999 -999 -999 -999 -999 10.721034049988 10.865677833557 11.124055862427 11.723198890686 12.617922782898 13.666695594788 14.789150238037 15.95582485199 17.191902160645 18.50651550293 19.865858078003 21.181348800659 22.312170028687 23.116287231445 23.536882400513 23.678480148315 23.633556365967 23.431339263916 23.044328689575 22.394924163818 21.398834228516 20.061683654785 18.492841720581 16.837255477905 15.232887268066 13.795215606689 12.571224212646 11.564605712891 10.864053726196 10.499451637268 10.362725257874 10.355146408081 10.420696258545 10.526371002197 10.65586566925 10.794055938721 10.93173789978 11.061945915222 11.165984153748 11.225276947021 11.227857589722 11.17561340332 11.101269721985 11.012399673462 10.898189544678 10.777092933655 10.701063156128 10.723848342896 10.815556526184 10.88855266571 10.893286705017 10.871677398682 10.879068374634
-999 -999 -999 -999 -999 -999 -999 -999 -999 -999 -999 -999 10.807753562927 11.011496543884 11.29105758667 11.743644714355 12.491525650024 13.508027076721 14.670888900757 15.898475646973 17.162786483765 18.470193862915 19.810567855835 21.15157699585 22.423097610474 23.490003585815 24.19082069397 24.468940734863 24.478712081909 24.334077835083 24.069725036621 23.653373718262 22.970924377441 21.855875015259 20.305450439453 18.493125915527 16.617649078369 14.826607704163 13.270272254944 11.993262290955 10.92924118042 10.18594455719 9.8457288742065 9.7331895828247 9.7408638000488 9.8136777877808 9.9133539199829 10.023850440979 10.130098342896 10.241110801697 10.351590156555 10.428857803345 10.445527076721 10.399291992188 10.314142227173 10.241706848145 10.211384773254 10.189740180969 10.180437088013 10.217586517334 10.328680992126 10.489880561829 10.623908042908 10.697839736938 10.769632339478 10.896673202515
-999 -999 -999 -999 -999 -999 -999 -999 -999 -999 -999 10.935784339905 11.195868492126 11.531664848328 12.020709991455 12.681056022644 13.552112579346 14.625026702881 15.83327293396 17.110866546631 18.409547805786 19.698076248169 20.976062774658 22.235593795776 23.419269561768 24.385723114014 24.931114196777 25.062595367432 24.949432373047 24.706632614136 24.359647750854 23.872575759888 23.135534286499 21.896175384521 20.171039581299 18.188539505005 16.205192565918 14.3473777771 12.767044067383 11.507824897766 10.476849555969 9.7416200637817 9.3647899627686 9.2358331680298 9.2291126251221 9.2772760391235 9.3348875045776 9.3937168121338 9.4591541290283 9.5561761856079 9.659704208374 9.7221794128418 9.7040548324585 9.6244268417358 9.5303792953491 9.4756116867065 9.484956741333 9.5236587524414 9.5886688232422 9.6971387863159 9.860330581665 10.062247276306 10.253733634949 10.424302101135 10.629608154297 10.918111801147
-999 -999 -999 -999 -999 -999 -999 -999 -999 -999 11.014288902283 11.372498512268 11.757802009583 12.263933181763 12.937135696411 13.74559879303 14.69713973999 15.7931432724 17.002559661865 18.2769947052 19.562677383423 20.762643814087 21.911079406738 23.017921447754 24.033720016479 24.839956283569 25.219905853271 25.20997428894 24.9967212677 24.667402267456 24.202686309814 23.535182952881 22.568727493286 21.177253723145 19.393863677979 17.430591583252 15.524368286133 13.800910949707 12.343750953674 11.160522460938 10.199820518494 9.4828338623047 9.0689725875854 8.9060907363892 8.8613023757935 8.8533172607422 8.840765953064 8.8207054138184 8.8441114425659 8.9223098754883 9.0136585235596 9.0696630477905 9.0240068435669 8.9285564422607 8.8487548828125 8.8242673873901 8.8553419113159 8.9198360443115 9.0166711807251 9.1503820419312 9.321629524231 9.5292987823486 9.7682666778564 10.054170608521 10.422071456909 10.888887405396
