datos/01-EFM-Pronostico-de-Enero-2021-Lluvia/02_Febrero/GRDS/02_2021_Clim.grd
DSAA
390 228
-118.47924025641 -86.14575974359
14.037283991228 32.871016008772
-999 233.36717224121
[rows 145 to 173 of 228, columns 66 to 131 of 390]
-999 -999 -999 -999 -999 -999 -999 -999 -999 -999 9.6501007080078 9.6690301895142 9.7996101379395 10.023729324341 10.185278892517 10.039510726929 9.5643634796143 8.8174543380737 7.8169555664063 6.7123737335205 5.8710050582886 -999 -999 -999 -999 -999 -999 -999 -999 -999 -999 -999 -999 -999 -999 -999 -999 -999 -999 -999 -999 -999 -999 -999 12.219108581543 12.297993659973 12.094701766968 11.559299468994 10.833948135376 10.212776184082 9.9716272354126 10.241589546204 10.994093894958 12.002578735352 13.081983566284 14.14847278595 15.199915885925 16.258396148682 17.318386077881 18.367918014526 19.394596099854 20.34520149231 21.103857040405 21.650880813599 22.118762969971 22.623994827271
-999 -999 -999 -999 -999 -999 -999 -999 -999 9.9779052734375 9.9805307388306 9.8692474365234 9.8184747695923 9.8259735107422 9.7464656829834 9.4274740219116 8.8409595489502 8.0486326217651 7.1324849128723 6.2656779289246 -999 -999 -999 -999 -999 -999 -999 -999 -999 -999 -999 -999 -999 -999 -999 -999 -999 -999 -999 -999 -999 -999 -999 -999 -999 12.533745765686 12.415507316589 12.072174072266 11.591144561768 11.1456823349 10.941248893738 11.201349258423 12.016476631165 13.169835090637 14.390295982361 15.593161582947 16.786235809326 17.96729850769 19.111717224121 20.209112167358 21.246633529663 22.167734146118 22.828887939453 23.212419509888 23.52770614624 23.929233551025
-999 -999 -999 -999 -999 -999 9.7535448074341 -999 10.175050735474 10.40309715271 10.439227104187 10.203233718872 9.8792743682861 9.5806550979614 9.2394552230835 8.7578763961792 8.1131887435913 7.3543062210083 6.5766062736511 5.9285001754761 -999 -999 -999 -999 -999 -999 -999 -999 -999 -999 -999 -999 -999 -999 -999 -999 -999 -999 -999 -999 -999 -999 -999 -999 -999 -999 12.832039833069 12.682545661926 12.412623405457 12.110100746155 11.912276268005 12.109900474548 12.984362602234 14.277210235596 15.615944862366 16.96591758728 18.31932258606 19.63250541687 20.848384857178 21.945648193359 22.922010421753 23.736940383911 24.301908493042 24.6233253479 24.852586746216 25.128921508789
-999 -999 -999 -999 -999 10.069549560547 10.008331298828 10.201937675476 10.527733802795 10.815358161926 10.882335662842 10.495841026306 9.9011278152466 9.314603805542 8.7416543960571 8.1186218261719 7.4295935630798 6.721625328064 6.0880994796753 5.6294980049133 -999 -999 -999 -999 -999 -999 -999 -999 -999 -999 -999 -999 -999 -999 -999 -999 -999 -999 -999 -999 -999 -999 -999 -999 -999 -999 13.309247970581 13.356275558472 13.280407905579 13.085948944092 12.885108947754 13.046820640564 13.846307754517 15.142226219177 16.642028808594 18.205406188965 19.760440826416 21.22448348999 22.499437332153 23.553895950317 24.430089950562 25.130250930786 25.616304397583 25.891485214233 26.040399551392 26.175109863281
-999 -999 -999 10.862760543823 10.682938575745 10.502498626709 10.456032752991 10.606744766235 10.849736213684 11.028660774231 10.955354690552 10.471507072449 9.7401905059814 8.9783325195313 8.2479372024536 7.5268411636353 6.8094868659973 6.1480131149292 5.64635181427 -999 -999 -999 -999 -999 -999 -999 -999 -999 -999 -999 -999 -999 -999 -999 -999 -999 -999 -999 -999 -999 -999 -999 -999 -999 -999 -999 13.762126922607 13.972829818726 14.065516471863 13.924094200134 13.77557182312 13.924807548523 14.635539054871 15.901909828186 17.557804107666 19.344068527222 21.095949172974 22.6956615448 24.00936126709 24.999300003052 25.783479690552 26.396543502808 26.819946289063 27.03296661377 27.071817398071 27.038005828857
-999 -999 11.382201194763 11.341656684875 11.207129478455 11.055185317993 10.984439849854 10.987103462219 11.046864509583 11.022562026978 10.747528076172 10.162280082703 9.373236656189 8.5389595031738 7.7402148246765 6.9858984947205 6.2780251502991 5.6725497245789 5.2939324378967 -999 -999 -999 -999 -999 -999 -999 -999 -999 -999 -999 -999 -999 -999 -999 -999 -999 -999 -999 -999 -999 -999 -999 -999 -999 -999 -999 14.120860099792 14.41567325592 14.595100402832 14.604797363281 14.594432830811 14.8074426651 15.5277967453 16.811006546021 18.557210922241 20.478410720825 22.343406677246 23.982540130615 25.279758453369 26.238670349121 26.968101501465 27.523284912109 27.897390365601 28.03818321228 27.935955047607 27.71508026123
11.506074905396 11.675180435181 11.800932884216 11.844449996948 11.757082939148 11.552033424377 11.320337295532 11.135593414307 11.044178009033 10.854887962341 10.405204772949 9.7085523605347 8.869668006897 8.0141191482544 7.2218117713928 -999 -999 5.3836431503296 -999 -999 -999 -999 -999 -999 -999 -999 -999 -999 -999 -999 -999 -999 -999 -999 -999 -999 -999 -999 -999 -999 -999 -999 -999 -999 -999 14.022876739502 14.392998695374 14.739840507507 15.017707824707 15.215660095215 15.430638313293 15.845892906189 16.666635513306 17.976062774658 19.710174560547 21.647867202759 23.529644012451 25.128578186035 26.364795684814 27.28946685791 27.978797912598 28.474533081055 28.779781341553 28.841634750366 28.597364425659 28.217802047729
11.721796035767 11.957557678223 12.168702125549 12.301651000977 12.263571739197 11.974558830261 11.485229492188 11.023005485535 10.810487747192 10.541984558105 9.9708013534546 9.1806373596191 8.298713684082 7.4479627609253 6.718719959259 -999 5.6250095367432 5.2717390060425 -999 -999 -999 -999 -999 -999 -999 -999 -999 -999 -999 -999 -999 -999 -999 -999 -999 -999 -999 -999 -999 -999 -999 -999 -999 -999 13.849175453186 14.223838806152 14.621995925903 15.030020713806 15.427466392517 15.819827079773 16.274633407593 16.912658691406 17.861465454102 19.189846038818 20.866304397583 22.746343612671 24.598634719849 26.124221801758 27.292280197144 28.188665390015 28.840450286865 29.250625610352 29.425550460815 29.356027603149 29.047063827515 28.587516784668
11.855707168579 12.152367591858 12.453481674194 12.703342437744 12.768698692322 12.459205627441 11.734848022461 10.894589424133 10.507338523865 10.138318061829 9.4652948379517 8.6162738800049 7.7237997055054 6.9074268341064 -999 5.8256287574768 5.4809856414795 -999 -999 -999 -999 -999 -999 -999 -999 -999 -999 -999 -999 -999 -999 -999 -999 -999 -999 -999 -999 -999 -999 12.296434402466 12.678068161011 13.056255340576 -999 13.713620185852 14.037359237671 14.409585952759 14.837664604187 15.319178581238 15.842356681824 16.412326812744 17.072450637817 17.893161773682 18.947011947632 20.275552749634 21.859104156494 23.608528137207 25.356000900269 26.841171264648 28.028413772583 28.962469100952 29.611154556274 29.929870605469 29.946313858032 29.746374130249 29.383857727051 28.900203704834
11.892721176147 12.232120513916 12.613223075867 12.990136146545 13.219382286072 13.019345283508 12.243779182434 11.282915115356 10.497221946716 9.7583084106445 8.9285774230957 8.0546674728394 7.2161736488342 6.5067100524902 -999 5.6529202461243 -999 -999 -999 -999 -999 -999 -999 -999 -999 -999 -999 -999 -999 -999 -999 -999 -999 -999 -999 -999 -999 -999 -999 12.552062034607 12.942873954773 13.335144996643 13.67933177948 13.964450836182 14.248105049133 14.596924781799 15.048140525818 15.610337257385 16.257886886597 16.980718612671 17.801374435425 18.760675430298 19.890085220337 21.198837280273 22.666673660278 24.232427597046 25.813554763794 27.311952590942 28.609384536743 29.652130126953 30.355968475342 30.609359741211 30.457010269165 30.126670837402 29.709323883057 29.221349716187
11.82901096344 12.175388336182 12.589670181274 13.026135444641 13.343608856201 13.262006759644 12.567532539368 11.637233734131 10.503902435303 9.3500909805298 8.3566589355469 7.518886089325 6.8060550689697 -999 -999 -999 -999 -999 -999 -999 -999 -999 -999 -999 -999 -999 -999 -999 -999 -999 -999 -999 -999 -999 -999 -999 -999 -999 12.435225486755 12.819005012512 13.22065448761 13.62739944458 13.987373352051 14.261063575745 14.487689971924 14.782740592957 15.247385978699 15.900479316711 16.673891067505 17.524097442627 18.476425170898 19.550271987915 20.735698699951 22.02152633667 23.388236999512 24.804552078247 26.257270812988 27.759641647339 29.137033462524 30.281759262085 31.073801040649 31.312973022461 31.041728973389 30.575479507446 30.093591690063 29.593561172485
11.687138557434 11.99022769928 12.366897583008 12.758794784546 13.00274181366 12.871399879456 12.252029418945 11.264713287354 9.989239692688 8.6900463104248 7.7014203071594 7.0104537010193 6.4731812477112 -999 -999 -999 -999 -999 -999 -999 -999 -999 -999 -999 -999 -999 -999 -999 -999 -999 -999 -999 -999 -999 -999 -999 -999 12.335066795349 12.704217910767 13.079542160034 13.470350265503 13.874638557434 14.269263267517 14.540630340576 14.712000846863 14.957216262817 15.43504524231 16.185995101929 17.096584320068 18.058502197266 19.141641616821 20.323129653931 21.559988021851 22.831073760986 24.133106231689 25.471988677979 26.872644424438 28.310056686401 29.667306900024 30.82266998291 31.634687423706 31.909753799438 31.660243988037 31.139846801758 30.61502456665 30.063659667969
11.530541419983 11.749638557434 12.042416572571 12.339241027832 12.455026626587 12.21377658844 11.530143737793 10.450703620911 9.1252822875977 7.8641219139099 7.0408086776733 6.5560336112976 6.1896424293518 -999 -999 -999 -999 -999 -999 -999 -999 -999 -999 -999 -999 -999 -999 -999 -999 -999 -999 -999 -999 -999 -999 -999 12.256591796875 12.618797302246 12.974841117859 13.342027664185 13.719868659973 14.095406532288 14.45297908783 14.732372283936 14.882659912109 15.126709938049 15.626957893372 16.442958831787 17.501977920532 18.619590759277 19.857889175415 21.15972328186 22.447578430176 23.699548721313 24.948638916016 26.238790512085 27.584903717041 28.940561294556 30.210474014282 31.292905807495 32.071640014648 32.420246124268 32.318023681641 31.923933029175 31.353296279907 30.634159088135
11.46521282196 11.606022834778 11.798377037048 11.982276916504 11.968811988831 11.600095748901 10.801049232483 9.6210889816284 8.2629737854004 7.1110849380493 6.4972658157349 -999 -999 -999 -999 -999 -999 -999 -999 -999 -999 -999 -999 -999 -999 -999 -999 -999 -999 -999 -999 -999 -999 11.386737823486 11.79759979248 12.183023452759 12.548329353333 12.893659591675 13.241763114929 13.621814727783 14.014608383179 14.374340057373 14.667876243591 14.872576713562 15.038794517517 15.334042549133 15.872685432434 16.724927902222 17.879005432129 19.242769241333 20.70796585083 22.167779922485 23.503955841064 24.698732376099 25.858106613159 27.083961486816 28.372179031372 29.641227722168 30.796510696411 31.76674079895 32.492454528809 32.90323638916 32.919342041016 32.623844146729 32.026317596436 31.174213409424
11.578010559082 11.689393043518 11.771712303162 11.82603263855 11.689111709595 11.207041740417 10.29935836792 9.0269784927368 7.6206617355347 6.4991450309753 -999 -999 -999 -999 -999 -999 -999 -999 -999 -999 -999 -999 -999 -999 -999 -999 -999 -999 -999 -999 -999 -999 11.281432151794 11.720271110535 12.108360290527 12.463418960571 12.806374549866 13.136576652527 13.490072250366 13.929550170898 14.392478942871 14.77933216095 15.035860061646 15.184742927551 15.363141059875 15.784837722778 16.436576843262 17.332412719727 18.573575973511 20.146041870117 21.853393554688 23.520553588867 24.899433135986 25.949443817139 26.925550460815 28.051664352417 29.279014587402 30.459871292114 31.489484786987 32.323791503906 32.959331512451 33.354713439941 33.425300598145 33.165462493896 32.545345306396 31.613039016724
11.886073112488 12.001792907715 11.980500221252 11.890640258789 11.629182815552 11.063828468323 10.085448265076 8.7783813476563 7.4083180427551 6.370343208313 -999 -999 -999 -999 -999 -999 -999 -999 -999 -999 -999 -999 -999 -999 -999 -999 -999 -999 -999 10.124173164368 -999 11.129099845886 11.623403549194 12.05628490448 12.402463912964 12.695141792297 12.991588592529 13.317169189453 13.721139907837 14.290216445923 14.884645462036 15.36029624939 15.655365943909 15.848519325256 16.119649887085 16.696228027344 17.521259307861 18.571620941162 19.916919708252 21.577123641968 23.497941970825 25.459005355835 26.882532119751 27.650859832764 28.2942943573 29.275848388672 30.410587310791 31.474233627319 32.361305236816 33.051746368408 33.58264541626 33.947509765625 34.018119812012 33.709400177002 33.008804321289 31.976091384888
12.340598106384 12.486148834229 12.355622291565 12.078616142273 11.671731948853 11.046426773071 10.047806739807 8.8003816604614 7.5901927947998 -999 -999 -999 -999 -999 -999 -999 -999 -999 -999 -999 -999 -999 -999 -999 -999 -999 -999 -999 -999 -999 10.911136627197 11.446754455566 11.969192504883 12.399941444397 12.691977500916 12.901731491089 13.132759094238 13.491126060486 14.038160324097 14.746423721313 15.481671333313 16.092252731323 16.506559371948 16.8610496521 17.324922561646 18.056324005127 19.075819015503 20.339193344116 21.842853546143 23.629051208496 25.787336349487 28.155958175659 29.604097366333 30.005241394043 30.215114593506 30.952306747437 31.869775772095 32.730941772461 33.436367034912 33.977401733398 34.392654418945 34.699867248535 34.726654052734 34.2952003479 33.448753356934 32.279842376709
12.789932250977 12.944291114807 12.672718048096 12.215045928955 11.657430648804 10.947205543518 10.004408836365 8.9131259918213 7.8880033493042 -999 -999 -999 -999 -999 -999 -999 -999 -999 -999 -999 -999 -999 -999 -999 -999 -999 -999 -999 -999 -999 11.200503349304 11.767503738403 12.329666137695 12.756567955017 13.013147354126 13.174220085144 13.363024711609 13.796673774719 14.479105949402 15.289151191711 16.118900299072 16.859806060791 17.476724624634 18.065841674805 18.765533447266 19.698055267334 20.948165893555 22.442726135254 24.161600112915 26.187711715698 28.64661026001 31.237957000732 32.616405487061 32.771240234375 32.748153686523 33.070014953613 33.623447418213 34.189952850342 34.660690307617 35.018390655518 35.289886474609 35.473495483398 35.412261962891 34.804740905762 33.8046875 32.49573135376
12.96150970459 13.082103729248 12.728007316589 12.174174308777 11.530439376831 10.789156913757 9.9263229370117 9.000693321228 -999 -999 -999 -999 -999 -999 -999 -999 -999 -999 -999 -999 -999 -999 -999 -999 -999 -999 -999 -999 -999 -999 11.529902458191 12.114695549011 12.709553718567 13.135526657104 13.393783569336 13.586771965027 13.840774536133 14.297085762024 15.019700050354 15.884055137634 16.798526763916 17.677711486816 18.505393981934 19.350231170654 20.325895309448 21.531940460205 23.00438117981 24.678426742554 26.568735122681 28.744932174683 31.204626083374 33.53373336792 34.872943878174 35.180927276611 35.162540435791 35.249053955078 35.473644256592 35.726516723633 35.927341461182 36.052593231201 36.106822967529 36.05659866333 35.764743804932 35.066047668457 33.985565185547 32.568706512451
12.703572273254 12.779501914978 12.461588859558 11.925940513611 11.287066459656 10.577101707458 -999 -999 -999 -999 -999 -999 -999 -999 -999 -999 -999 -999 -999 -999 -999 -999 -999 -999 -999 -999 -999 -999 -999 11.418080329895 11.926090240479 12.487590789795 13.045477867126 13.484580039978 13.793960571289 14.054393768311 14.361717224121 14.816447257996 15.547371864319 16.503562927246 17.531845092773 18.55414390564 19.568765640259 20.638761520386 21.874195098877 23.348844528198 25.022792816162 26.814374923706 28.78466796875 30.945249557495 33.197757720947 35.202930450439 36.51078414917 37.065475463867 37.205181121826 37.228519439697 37.234260559082 37.210929870605 37.132835388184 36.98620223999 36.758083343506 36.413368225098 35.873252868652 35.057151794434 33.924171447754 32.41886138916
12.259670257568 12.273646354675 11.995898246765 11.52410030365 -999 -999 -999 -999 -999 -999 -999 -999 -999 -999 -999 -999 -999 -999 -999 -999 -999 -999 -999 -999 -999 -999 -999 -999 -999 -999 12.340863227844 12.872297286987 13.389311790466 13.836633682251 14.204827308655 14.537977218628 14.903521537781 15.398535728455 16.171939849854 17.211685180664 18.349531173706 19.500997543335 20.663270950317 21.898637771606 23.316387176514 24.977197647095 26.798854827881 28.706869125366 30.711421966553 32.794448852539 34.848705291748 36.647174835205 37.942699432373 38.670276641846 38.961418151855 38.986011505127 38.845169067383 38.583759307861 38.230968475342 37.793285369873 37.248947143555 36.577491760254 35.75700378418 34.753749847412 33.512256622314 31.894971847534
11.795679092407 11.727076530457 11.457453727722 11.043050765991 -999 -999 -999 -999 -999 -999 -999 -999 -999 -999 -999 -999 -999 -999 -999 -999 -999 -999 -999 -999 -999 -999 -999 -999 -999 -999 12.759411811829 13.270321846008 13.768104553223 14.229691505432 14.652674674988 15.067011833191 15.526920318604 16.118545532227 16.958511352539 18.057628631592 19.275959014893 20.530118942261 21.809682846069 23.160814285278 24.686065673828 26.476322174072 28.395534515381 30.370887756348 32.381164550781 34.3932762146 36.324214935303 38.027702331543 39.340389251709 40.17850112915 40.566452026367 40.592079162598 40.337860107422 39.863872528076 39.242317199707 38.50373840332 37.611061096191 36.570327758789 35.412673950195 34.130813598633 32.660121917725 30.898027420044
11.364097595215 11.197034835815 10.904958724976 10.530241012573 -999 -999 -999 -999 -999 -999 -999 -999 -999 -999 -999 -999 -999 -999 -999 -999 -999 -999 -999 -999 -999 10.749341011047 -999 -999 12.182094573975 12.679697036743 13.183555603027 13.687570571899 14.18462562561 14.668681144714 15.146008491516 15.64454460144 16.215335845947 16.930170059204 17.862930297852 19.012964248657 20.293699264526 21.634675979614 23.019971847534 24.485733032227 26.111343383789 27.938646316528 29.879253387451 31.857501983643 33.839157104492 35.79048538208 37.656295776367 39.339614868164 40.704490661621 41.628498077393 42.069595336914 42.090137481689 41.76575088501 41.130229949951 40.250175476074 39.181335449219 37.878040313721 36.409442901611 34.862682342529 33.255905151367 31.547510147095 29.69380569458
10.960337638855 10.681079864502 10.350343704224 10.009740829468 -999 -999 -999 -999 -999 -999 -999 -999 -999 -999 -999 -999 -999 -999 -999 -999 -999 -999 -999 10.194398880005 10.655916213989 11.127135276794 11.608282089233 12.102194786072 12.603715896606 13.109990119934 13.618381500244 14.126316070557 14.632415771484 15.140721321106 15.664883613586 16.23669052124 16.906959533691 17.735502243042 18.766904830933 19.991027832031 21.344705581665 22.76940536499 24.251899719238 25.819711685181 27.516498565674 29.349626541138 31.25950050354 33.186904907227 35.100784301758 36.978790283203 38.794296264648 40.486415863037 41.929462432861 42.938327789307 43.398471832275 43.419979095459 43.105979919434 42.433269500732 41.341743469238 39.839218139648 38.028163909912 36.078109741211 34.11491394043 32.181518554688 30.26749420166 28.344589233398
10.548889160156 10.154972076416 9.7909317016602 -999 -999 -999 -999 -999 -999 -999 -999 -999 -999 -999 -999 -999 -999 -999 -999 -999 -999 9.6076030731201 10.056776046753 10.52428817749 11.006640434265 11.499307632446 12.000763893127 12.513293266296 13.030793190002 13.550080299377 14.069219589233 14.586421966553 15.103525161743 15.630081176758 16.185077667236 16.804845809937 17.543056488037 18.459175109863 19.58864402771 20.912330627441 22.360511779785 23.866666793823 25.430974960327 27.076192855835 28.821147918701 30.651376724243 32.510471343994 34.349308013916 36.150169372559 37.913578033447 39.641395568848 41.303737640381 42.793312072754 43.883415222168 44.324081420898 44.370868682861 44.144989013672 43.537815093994 42.273323059082 40.284954071045 37.911876678467 35.466255187988 33.102348327637 30.875839233398 28.786005020142 26.80460357666
10.10570526123 9.6199026107788 9.2452421188354 -999 -999 -999 -999 -999 -999 -999 -999 -999 -999 -999 -999 -999 -999 -999 -999 -999 -999 9.8745651245117 10.346218109131 10.83761882782 11.345682144165 11.864967346191 12.392347335815 12.927533149719 13.466101646423 14.003303527832 14.537556648254 15.066205024719 15.592736244202 16.128261566162 16.693660736084 17.327932357788 18.09344291687 19.063251495361 20.283048629761 21.72251701355 23.28243637085 24.860610961914 26.485322952271 28.184425354004 29.967512130737 31.799158096313 33.602798461914 35.322471618652 36.958118438721 38.543327331543 40.107395172119 41.636817932129 43.029266357422 44.065753936768 44.557266235352 44.675895690918 44.533264160156 43.994678497314 42.60111618042 40.14465713501 37.295478820801 34.436367034912 31.740995407104 29.279642105103 27.053884506226 25.036664962769
9.6909894943237 9.1513671875 8.8005628585815 -999 -999 -999 -999 -999 -999 -999 -999 -999 -999 -999 -999 -999 -999 -999 -999 -999 9.6495962142944 10.121176719666 10.618433952332 11.138181686401 11.676458358765 12.226903915405 12.785761833191 13.350034713745 13.915819168091 14.476174354553 15.028942108154 15.571288108826 16.106302261353 16.642929077148 17.199174880981 17.815414428711 18.567136764526 19.555559158325 20.85862159729 22.421430587769 24.074558258057 25.71407699585 27.365118026733 29.08787727356 30.905117034912 32.755573272705 34.511207580566 36.081928253174 37.495872497559 38.836494445801 40.163501739502 41.470397949219 42.662963867188 43.578502655029 44.09725189209 44.245456695557 44.040832519531 43.323017120361 41.707164764404 39.098808288574 36.029888153076 32.919799804688 29.992595672607 27.361045837402 25.039665222168 23.003147125244
9.4081268310547 8.8935623168945 -999 -999 -999 -999 -999 -999 -999 -999 -999 -999 -999 -999 -999 -999 -999 -999 -999 9.3887367248535 9.8497505187988 10.347710609436 10.874864578247 11.426911354065 11.998732566833 12.584349632263 13.180446624756 13.782980918884 14.384864807129 14.97592830658 15.553330421448 16.113794326782 16.658260345459 17.192045211792 17.726373672485 18.304580688477 19.019477844238 20.008295059204 21.408863067627 23.118680953979 24.833532333374 26.444900512695 28.034259796143 29.725902557373 31.56495475769 33.452323913574 35.17947769165 36.570625305176 37.715785980225 38.773387908936 39.830471038818 40.890983581543 41.881538391113 42.677749633789 43.160209655762 43.246780395508 42.847156524658 41.818336486816 39.976417541504 37.336536407471 34.221694946289 30.993190765381 27.90701675415 25.154390335083 22.759397506714 20.704660415649
9.3245906829834 8.8823366165161 -999 -999 -999 -999 -999 -999 -999 -999 -999 -999 -999 -999 -999 -999 -999 -999 9.0998706817627 9.538067817688 10.024921417236 10.55327796936 11.11389541626 11.700166702271 12.307182312012 12.930675506592 13.56942653656 14.218522071838 14.866342544556 15.501240730286 16.11693572998 16.707271575928 17.26902961731 17.802787780762 18.310325622559 18.847944259644 19.5435962677 20.578691482544 22.124021530151 23.977584838867 25.655712127686 27.072763442993 28.45631980896 30.051181793213 31.86011505127 33.74556350708 35.458309173584 36.647731781006 37.540229797363 38.339790344238 39.1487159729 39.993041992188 40.826999664307 41.533279418945 41.959209442139 41.95251083374 41.341869354248 40.045219421387 38.010795593262 35.303695678711 32.149745941162 28.841596603394 25.642250061035 22.761207580566 20.288719177246 18.228240966797
