datos/01-EFM-Pronostico-de-Enero-2021-Lluvia/02_Febrero/GRDS/02_2021_Clim.grd
DSAA
390 228
-118.47924025641 -86.14575974359
14.037283991228 32.871016008772
-999 233.36717224121
[rows 58 to 86 of 228, columns 132 to 197 of 390]
-999 -999 -999 -999 -999 -999 -999 -999 -999 -999 -999 -999 -999 -999 -999 -999 -999 -999 -999 -999 -999 -999 -999 -999 -999 -999 -999 -999 -999 -999 -999 -999 -999 -999 -999 -999 -999 -999 -999 -999 -999 -999 -999 -999 6.651294708252 6.4494061470032 6.5232734680176 6.7298636436462 6.938319683075 7.1395559310913 7.3396520614624 7.5324831008911 7.6862168312073 7.7454552650452 7.6910080909729 7.5477447509766 7.3487467765808 7.1314220428467 6.9308428764343 6.7759027481079 6.677818775177 6.6185207366943 6.5897164344788 6.6186451911926 6.7459993362427 6.9984464645386
-999 -999 -999 -999 -999 -999 -999 -999 -999 -999 -999 -999 -999 -999 -999 -999 -999 -999 -999 -999 -999 -999 -999 -999 -999 -999 -999 -999 -999 -999 -999 -999 -999 -999 -999 -999 -999 -999 -999 -999 -999 -999 7.739119052887 7.5608863830566 7.2923011779785 7.0057783126831 6.9682083129883 7.0966296195984 7.2696771621704 7.4414644241333 7.6136927604675 7.7791800498962 7.9084005355835 7.9595084190369 7.899227142334 7.7175540924072 7.4506697654724 7.1591539382935 6.9005331993103 6.7029166221619 6.5801038742065 6.4909057617188 6.4368171691895 6.4594864845276 6.609721660614 6.9196853637695
-999 -999 -999 -999 -999 -999 -999 -999 -999 -999 -999 -999 -999 -999 -999 -999 -999 -999 -999 -999 -999 -999 -999 -999 -999 -999 -999 -999 -999 -999 -999 -999 -999 -999 -999 -999 -999 -999 -999 -999 8.4238290786743 8.4150829315186 8.4068002700806 8.3760986328125 8.1698417663574 7.7117762565613 7.5013728141785 7.5079493522644 7.6039795875549 7.719569683075 7.8549847602844 7.9928073883057 8.1027517318726 8.1510047912598 8.0978336334229 7.893741607666 7.5896306037903 7.2663044929504 6.9933052062988 6.7878465652466 6.6407871246338 6.5196208953857 6.4387454986572 6.4659013748169 6.6495223045349 7.0221047401428
-999 -999 -999 -999 -999 -999 -999 -999 -999 -999 -999 -999 -999 -999 -999 -999 -999 -999 -999 -999 -999 -999 -999 -999 -999 -999 -999 -999 -999 -999 -999 -999 -999 -999 -999 -999 -999 -999 -999 8.6944847106934 8.9077796936035 9.01136302948 9.068621635437 9.0593013763428 8.828067779541 8.3746013641357 8.1139974594116 7.9982705116272 7.9517664909363 7.9907655715942 8.0855283737183 8.1959457397461 8.2856378555298 8.3215456008911 8.2625503540039 8.0681314468384 7.7811570167542 7.4845190048218 7.2370753288269 7.0573515892029 6.9218420982361 6.7950024604797 6.7020297050476 6.7664589881897 6.9999804496765 7.39333152771
-999 -999 -999 -999 -999 -999 -999 -999 -999 -999 -999 -999 -999 -999 -999 -999 -999 -999 -999 -999 -999 -999 -999 -999 -999 -999 -999 -999 -999 -999 -999 -999 -999 -999 -999 9.1766633987427 8.9263200759888 8.6654825210571 8.5854063034058 8.9936199188232 9.3891201019287 9.5874652862549 9.6509590148926 9.6244897842407 9.508056640625 9.2923583984375 8.9817819595337 8.6383800506592 8.3634548187256 8.2992191314697 8.338568687439 8.4136533737183 8.4786510467529 8.4974145889282 8.4364757537842 8.2768297195435 8.0476360321045 7.819137096405 7.6334624290466 7.5251927375793 7.4593553543091 7.3941345214844 7.3569483757019 7.4531464576721 7.7100524902344 8.0908298492432
-999 -999 -999 -999 -999 -999 -999 -999 -999 -999 -999 -999 -999 -999 -999 -999 -999 -999 -999 -999 -999 -999 -999 -999 -999 -999 -999 -999 -999 -999 -999 -999 -999 9.9983692169189 9.851131439209 9.6617460250854 9.4310398101807 9.2010564804077 9.1630830764771 9.5359888076782 9.9716272354126 10.184859275818 10.183979988098 10.093384742737 10.114628791809 10.127376556396 9.8182220458984 9.266074180603 8.8452730178833 8.6600255966187 8.6322832107544 8.6677103042603 8.7077932357788 8.7169275283813 8.6727142333984 8.569619178772 8.4309778213501 8.3031406402588 8.2111206054688 8.2028732299805 8.2391338348389 8.2756662368774 8.3303928375244 8.4718894958496 8.7363882064819 9.0932941436768
-999 -999 -999 -999 -999 -999 -999 -999 -999 -999 -999 -999 -999 -999 -999 -999 -999 -999 -999 -999 -999 -999 -999 -999 -999 -999 -999 -999 -999 -999 -999 10.635028839111 10.580801010132 10.492489814758 10.373266220093 10.229315757751 10.078996658325 9.9792575836182 10.047968864441 10.320949554443 10.641166687012 10.80541229248 10.69113445282 10.405958175659 10.351830482483 10.327822685242 10.084352493286 9.6245679855347 9.2196226119995 9.0120306015015 8.9480028152466 8.952935218811 8.9739542007446 8.9835500717163 8.9692077636719 8.9330224990845 8.8943548202515 8.8816699981689 8.92076587677 9.028244972229 9.1708421707153 9.30126953125 9.4251718521118 9.6015510559082 9.8785257339478 10.24609375
-999 -999 -999 -999 -999 -999 -999 -999 -999 -999 -999 -999 -999 -999 -999 -999 -999 -999 -999 -999 -999 -999 -999 -999 -999 -999 -999 -999 -999 -999 -999 11.103610038757 11.071992874146 11.012543678284 10.934964179993 10.851086616516 10.7817735672 10.768443107605 10.860237121582 11.052186965942 11.25483417511 11.333136558533 11.123495101929 10.699485778809 10.522006988525 10.434233665466 10.230756759644 9.8512020111084 9.523983001709 9.345531463623 9.2715406417847 9.2544288635254 9.2602567672729 9.2724208831787 9.2873582839966 9.3119783401489 9.3625230789185 9.4598798751831 9.6235799789429 9.8558921813965 10.111226081848 10.315809249878 10.463209152222 10.637278556824 10.912153244019 11.285638809204
-999 -999 -999 -999 -999 -999 -999 -999 -999 -999 -999 -999 -999 -999 -999 -999 -999 -999 -999 -999 -999 -999 -999 -999 -999 -999 -999 -999 -999 -999 11.563050270081 11.586775779724 11.583704948425 11.560989379883 11.526949882507 11.492075920105 11.470767974854 11.486071586609 11.555171012878 11.661616325378 11.741817474365 11.692227363586 11.421811103821 11.04047203064 10.792362213135 10.626919746399 10.412850379944 10.121006965637 9.8569488525391 9.6889266967773 9.5998191833496 9.5582246780396 9.5454034805298 9.5545425415039 9.5881271362305 9.6551904678345 9.7709312438965 9.951545715332 10.210642814636 10.548470497131 10.911121368408 11.166772842407 11.284730911255 11.41674041748 11.660754203796 12.002220153809
-999 -999 -999 -999 -999 -999 -999 -999 -999 -999 -999 -999 -999 -999 -999 -999 -999 -999 -999 -999 -999 -999 -999 -999 -999 -999 -999 -999 -999 11.960091590881 12.036817550659 12.088943481445 12.120058059692 12.134373664856 12.136128425598 12.130317687988 12.126558303833 12.136303901672 12.162258148193 12.185493469238 12.161459922791 12.028697967529 11.758709907532 11.427152633667 11.14702129364 10.91810131073 10.684229850769 10.431822776794 10.203694343567 10.033841133118 9.9197454452515 9.8477449417114 9.8093938827515 9.8043260574341 9.8391942977905 9.9247102737427 10.074538230896 10.300251960754 10.605179786682 10.982267379761 11.39280796051 11.659666061401 11.724736213684 11.820088386536 12.040791511536 12.346474647522
-999 -999 -999 -999 -999 -999 -999 -999 -999 -999 -999 -999 -999 -999 -999 -999 -999 -999 -999 -999 -999 -999 -999 -999 -999 -999 -999 -999 12.285394668579 12.414645195007 12.522750854492 12.610192298889 12.677754402161 12.724940299988 12.751116752625 12.759142875671 12.754857063293 12.743161201477 12.721809387207 12.675127029419 12.576870918274 12.397999763489 12.135070800781 11.830103874207 11.536290168762 11.267910003662 11.011803627014 10.764841079712 10.541303634644 10.356329917908 10.212704658508 10.10669708252 10.036273002625 10.004298210144 10.019908905029 10.096006393433 10.246379852295 10.478776931763 10.779408454895 11.115863800049 11.44288444519 11.649114608765 11.710633277893 11.80430316925 12.043051719666 12.368426322937
-999 -999 -999 -999 -999 -999 -999 -999 -999 -999 -999 -999 -999 -999 -999 -999 -999 -999 -999 -999 -999 -999 -999 -999 -999 -999 -999 12.532379150391 12.711971282959 12.876029014587 13.02307510376 13.150193214417 13.253846168518 13.328418731689 13.371363639832 13.383841514587 13.369422912598 13.330602645874 13.264179229736 13.160959243774 13.00855255127 12.796124458313 12.527953147888 12.228204727173 11.924939155579 11.632681846619 11.354203224182 11.092070579529 10.853510856628 10.645420074463 10.470403671265 10.32825756073 10.219853401184 10.148715019226 10.123726844788 10.15966796875 10.273443222046 10.47615814209 10.744013786316 11.006983757019 11.220644950867 11.329855918884 11.350503921509 11.419819831848 11.679770469666 12.083812713623
-999 -999 -999 -999 -999 -999 -999 -999 -999 -999 -999 -999 -999 -999 -999 -999 -999 -999 -999 -999 -999 -999 -999 -999 -999 -999 12.696964263916 12.922505378723 13.139412879944 13.346342086792 13.538488388062 13.708434104919 13.847141265869 13.946287155151 14.001677513123 14.013442993164 13.983769416809 13.915145874023 13.805912017822 13.653532981873 13.454883575439 13.208854675293 12.922407150269 12.611747741699 12.294061660767 11.981307983398 11.680575370789 11.396473884583 11.134918212891 10.900101661682 10.693078041077 10.513735771179 10.362999916077 10.242641448975 10.158311843872 10.122324943542 10.155137062073 10.28199672699 10.494903564453 10.707448005676 10.85931968689 10.891774177551 10.82970905304 10.811751365662 11.033946990967 11.508569717407
-999 -999 -999 -999 -999 -999 -999 -999 -999 -999 -999 -999 -999 -999 -999 -999 -999 -999 -999 -999 -999 -999 -999 -999 -999 -999 13.040151596069 13.304308891296 13.567500114441 13.824507713318 14.067100524902 14.283282279968 14.458442687988 14.581998825073 14.64803981781 14.655771255493 14.607460021973 14.505980491638 14.353469848633 14.153215408325 13.908653259277 13.624440193176 13.309254646301 12.976201057434 12.637510299683 12.302840232849 11.979609489441 11.672528266907 11.385864257813 11.123419761658 10.88490486145 10.669160842896 10.4751329422 10.301057815552 10.14695930481 10.018020629883 9.9325084686279 9.9330768585205 10.061543464661 10.279850006104 10.458580970764 10.481156349182 10.357974052429 10.242897033691 10.372442245483 10.856507301331
-999 -999 -999 -999 -999 -999 -999 -999 -999 -999 -999 -999 -999 -999 -999 -999 -999 -999 -999 -999 -999 -999 -999 -999 -999 13.069646835327 13.367224693298 13.676899909973 13.994048118591 14.309392929077 14.609815597534 14.87758731842 15.093439102173 15.243481636047 15.319714546204 15.320546150208 15.249055862427 15.10991859436 14.910131454468 14.658432006836 14.363744735718 14.035040855408 13.682753562927 13.319042205811 12.953738212585 12.594760894775 12.248706817627 11.919373512268 11.609105110168 11.320127487183 11.052376747131 10.803526878357 10.569875717163 10.346228599548 10.127066612244 9.909348487854 9.7019147872925 9.557936668396 9.6024322509766 9.8639945983887 10.132552146912 10.219676971436 10.09806728363 9.9507694244385 9.9913215637207 10.285625457764
-999 -999 -999 -999 -999 -999 -999 -999 -999 -999 -999 -999 -999 -999 -999 -999 -999 -999 -999 -999 -999 -999 -999 -999 13.025426864624 13.336961746216 13.673126220703 14.035458564758 14.415658950806 14.799384117126 15.168154716492 15.496768951416 15.760858535767 15.941563606262 16.027965545654 16.017999649048 15.916446685791 15.731595993042 15.476563453674 15.16588973999 14.813816070557 14.433345794678 14.036778450012 13.636296272278 13.24035358429 12.85539150238 12.486756324768 12.136717796326 11.805926322937 11.494818687439 11.202343940735 10.925960540771 10.660734176636 10.399876594543 10.13562297821 9.8622198104858 9.58460521698 9.3489074707031 9.3123359680176 9.594612121582 9.9589862823486 10.145057678223 10.041214942932 9.8806438446045 9.8289136886597 9.9238386154175
-999 -999 -999 -999 -999 -999 -999 -999 -999 -999 -999 -999 -999 -999 -999 -999 -999 -999 -999 -999 -999 -999 -999 -999 13.23332118988 13.571976661682 13.950730323792 14.372151374817 14.824750900269 15.289624214172 15.741272926331 16.145528793335 16.469318389893 16.687297821045 16.783779144287 16.757139205933 16.615032196045 16.372394561768 16.049982070923 15.669055938721 15.250030517578 14.809904098511 14.362864494324 13.921270370483 13.492454528809 13.081192016602 12.691205024719 12.323085784912 11.975884437561 11.648637771606 11.338978767395 11.043186187744 10.756937980652 10.474310874939 10.188870429993 9.8989114761353 9.6157417297363 9.3853616714478 9.2976531982422 9.4980707168579 9.8946294784546 10.188307762146 10.061067581177 9.8629083633423 9.7411251068115 9.7028570175171
-999 -999 -999 -999 -999 -999 -999 -999 -999 -999 -999 -999 -999 -999 -999 -999 -999 -999 -999 -999 -999 -999 -999 -999 13.406371116638 13.769600868225 14.191344261169 14.676054000854 15.211868286133 15.775071144104 16.330539703369 16.831848144531 17.232757568359 17.496553421021 17.602472305298 17.549676895142 17.351591110229 17.0334815979 16.626331329346 16.160127639771 15.662494659424 15.154411315918 14.65161895752 14.1661901474 13.703937530518 13.267739295959 12.859136581421 12.476819992065 12.118390083313 11.78157043457 11.462622642517 11.157152175903 10.861068725586 10.569687843323 10.279640197754 9.9928312301636 9.7209815979004 9.496376991272 9.387674331665 9.4853057861328 9.8065958023071 10.057585716248 9.9806241989136 9.7891817092896 9.6568193435669 9.5824918746948
-999 -999 -999 -999 -999 -999 -999 -999 -999 -999 -999 -999 -999 -999 -999 -999 -999 -999 -999 -999 -999 -999 -999 13.221733093262 13.543060302734 13.923332214355 14.382895469666 14.932667732239 15.563970565796 16.248720169067 16.938076019287 17.567384719849 18.069625854492 18.391183853149 18.504230499268 18.410148620605 18.132814407349 17.713722229004 17.197984695435 16.627292633057 16.037385940552 15.453002929688 14.890512466431 14.360670089722 13.866893768311 13.409227371216 12.986608505249 12.595608711243 12.232271194458 11.892986297607 11.5724401474 11.265732765198 10.969085693359 10.678718566895 10.393353462219 10.116798400879 9.8603353500366 9.6504364013672 9.5330381393433 9.5600500106812 9.7224178314209 9.8450689315796 9.7995681762695 9.6633787155151 9.5838184356689 9.5465660095215
-999 -999 -999 -999 -999 -999 -999 -999 -999 -999 -999 -999 -999 -999 -999 -999 -999 -999 -999 -999 -999 -999 -999 13.327752113342 13.643597602844 14.02857208252 14.514081001282 15.125017166138 15.863218307495 16.699329376221 17.565444946289 18.366504669189 19.003555297852 19.398553848267 19.512924194336 19.353179931641 18.96181678772 18.40484046936 17.748500823975 17.050123214722 16.353956222534 15.686838150024 15.063746452332 14.492286682129 13.971878051758 13.498834609985 13.069062232971 12.676623344421 12.315895080566 11.98152256012 11.66693687439 11.366541862488 11.076542854309 10.793950080872 10.518634796143 10.255531311035 10.016333580017 9.822021484375 9.6988048553467 9.6678152084351 9.7080154418945 9.7344455718994 9.687388420105 9.6064214706421 9.5657415390015 9.5743684768677
-999 -999 -999 -999 -999 -999 -999 -999 -999 -999 -999 -999 -999 -999 -999 -999 -999 -999 -999 -999 -999 -999 -999 -999 -999 14.091102600098 14.583467483521 15.240727424622 16.090196609497 17.114612579346 18.217721939087 19.252727508545 20.071981430054 20.559951782227 20.662603378296 20.397037506104 19.838041305542 19.090410232544 18.252574920654 17.40071105957 16.586116790771 15.834000587463 15.154190063477 14.548223495483 14.009726524353 13.530424118042 13.102624893188 12.717631340027 12.367962837219 12.046371459961 11.745215415955 11.458051681519 11.180718421936 10.91068649292 10.648716926575 10.400476455688 10.177721977234 9.9937143325806 9.8617687225342 9.7882213592529 9.7554636001587 9.7230129241943 9.6664171218872 9.6055688858032 9.5783462524414 9.5990171432495
-999 -999 -999 -999 -999 -999 -999 -999 -999 -999 -999 -999 -999 -999 -999 -999 -999 -999 -999 -999 -999 -999 -999 -999 -999 -999 -999 -999 16.225692749023 17.483577728271 18.905429840088 20.262601852417 21.329372406006 21.933284759521 21.996551513672 21.558490753174 20.749822616577 19.738454818726 18.669353485107 17.639184951782 16.700366973877 15.868876457214 15.143467903137 14.515830993652 13.9722032547 13.498933792114 13.084424972534 12.717174530029 12.387735366821 12.087205886841 11.806716918945 11.539023399353 11.279660224915 11.026261329651 10.779685020447 10.54642868042 10.337260246277 10.158778190613 10.01736164093 9.9141664505005 9.8375968933105 9.7676734924316 9.6924810409546 9.6203966140747 9.5698509216309 9.5468711853027
-999 -999 -999 -999 -999 -999 -999 -999 -999 -999 -999 -999 -999 -999 -999 -999 -999 -999 -999 -999 -999 -999 -999 -999 -999 -999 -999 -999 16.264110565186 17.810390472412 19.646669387817 21.437170028687 22.841230392456 23.589403152466 23.563255310059 22.843473434448 21.661298751831 20.289211273193 18.935358047485 17.711812973022 16.657377243042 15.765432357788 15.015429496765 14.385813713074 13.854451179504 13.402300834656 13.01403427124 12.675636291504 12.375887870789 12.104331970215 11.851298332214 11.608890533447 11.372206687927 11.138480186462 10.908885955811 10.690585136414 10.490575790405 10.313547134399 10.16347026825 10.039846420288 9.9345951080322 9.8364124298096 9.7363700866699 9.6347770690918 9.5358581542969 9.4365406036377
-999 -999 -999 -999 -999 -999 -999 -999 -999 -999 -999 -999 -999 -999 -999 -999 -999 -999 -999 -999 -999 -999 -999 -999 -999 -999 -999 15.140221595764 16.28150177002 18.13722038269 20.465188980103 22.811096191406 24.670866012573 25.606576919556 25.40830039978 24.232585906982 22.49739074707 20.646060943604 18.964101791382 17.556825637817 16.419952392578 15.504221916199 14.76162147522 14.155955314636 13.657520294189 13.243130683899 12.894666671753 12.59623336792 12.33481502533 12.099304199219 11.879933357239 11.668446540833 11.458892822266 11.247531890869 11.03565120697 10.829818725586 10.635167121887 10.457699775696 10.301045417786 10.163150787354 10.037524223328 9.9161338806152 9.7909555435181 9.6565980911255 9.5090856552124 9.3407325744629
-999 -999 -999 -999 -999 -999 -999 -999 -999 -999 -999 -999 -999 -999 -999 -999 -999 -999 -999 -999 -999 -999 -999 -999 -999 14.35738658905 14.674168586731 15.2719373703 16.452909469604 18.520961761475 21.356283187866 24.345478057861 26.798732757568 27.995887756348 27.509662628174 25.626808166504 23.11142539978 20.668981552124 18.657299041748 17.122226715088 15.968596458435 15.083288192749 14.387854576111 13.834297180176 13.389395713806 13.028668403625 12.732704162598 12.484306335449 12.268608093262 12.074684143066 11.894155502319 11.719333648682 11.541868209839 11.355298995972 11.160305976868 10.962845802307 10.770513534546 10.591798782349 10.430329322815 10.282863616943 10.143174171448 10.004282951355 9.8593282699585 9.701828956604 9.524715423584 9.3195886611938
-999 -999 -999 -999 -999 -999 -999 -999 -999 -999 -999 -999 -999 -999 -999 -999 -999 -999 -999 -999 -999 -999 -999 -999 -999 -999 14.943308830261 15.597543716431 16.817226409912 19.009298324585 22.204700469971 25.768653869629 28.91300201416 30.497671127319 29.594018936157 26.740085601807 23.269132614136 20.216543197632 17.96392250061 16.414220809937 15.330512046814 14.531113624573 13.916888237 13.438012123108 13.063718795776 12.770726203918 12.538766860962 12.348146438599 12.18318271637 12.033699989319 11.895567893982 11.763768196106 11.625011444092 11.465981483459 11.283343315125 11.088532447815 10.895743370056 10.715462684631 10.551404953003 10.398460388184 10.250045776367 10.100555419922 9.9451313018799 9.7793779373169 9.5974311828613 9.3928775787354
-999 -999 -999 -999 -999 -999 -999 -999 -999 -999 -999 -999 -999 -999 -999 -999 -999 -999 -999 -999 -999 -999 -999 -999 -999 -999 -999 16.005174636841 17.281373977661 19.46124458313 22.629571914673 26.425695419312 30.107864379883 32.207431793213 30.811283111572 27.007066726685 22.737239837646 19.290205001831 16.993751525879 15.554398536682 14.599189758301 13.911657333374 13.391150474548 12.996060371399 12.70138835907 12.48499584198 12.325472831726 12.199769020081 12.087556838989 11.981058120728 11.886095046997 11.806148529053 11.716921806335 11.58484172821 11.405807495117 11.205017089844 11.008459091187 10.82763671875 10.663817405701 10.510077476501 10.358136177063 10.20419883728 10.047317504883 9.8870296478271 9.7217197418213 9.5497093200684
-999 -999 -999 -999 -999 -999 -999 -999 -999 -999 -999 -999 -999 -999 -999 -999 -999 -999 -999 -999 -999 -999 -999 -999 -999 -999 -999 -999 17.444284439087 19.339908599854 22.104526519775 25.548051834106 29.040767669678 31.130765914917 29.669334411621 25.832105636597 21.572280883789 18.237636566162 16.098180770874 14.771787643433 13.919137001038 13.316637992859 12.869859695435 12.550089836121 12.333706855774 12.194463729858 12.1098279953 12.054920196533 11.99927520752 11.929468154907 11.871723175049 11.855593681335 11.827180862427 11.715747833252 11.522946357727 11.303743362427 11.099541664124 10.92271232605 10.766956329346 10.618668556213 10.467844009399 10.313473701477 10.159663200378 10.011940002441 9.8757963180542 9.7570056915283
-999 -999 -999 -999 -999 -999 -999 -999 -999 -999 -999 -999 -999 -999 -999 -999 -999 -999 -999 -999 -999 -999 -999 -999 -999 -999 -999 -999 17.200435638428 18.548063278198 20.565940856934 23.107088088989 25.642335891724 27.036518096924 26.100877761841 23.302967071533 20.02529335022 17.312994003296 15.447788238525 14.225576400757 13.412880897522 12.833267211914 12.419661521912 12.159913063049 12.016458511353 11.943610191345 11.920937538147 11.936343193054 11.945142745972 11.9137134552 11.875308990479 11.922187805176 11.949389457703 11.833192825317 11.600270271301 11.355965614319 11.152780532837 10.995265007019 10.861359596252 10.72663974762 10.579564094543 10.42343044281 10.270587921143 10.134877204895 10.029071807861 9.9641017913818
