datos/01-EFM-Pronostico-de-Enero-2021-Lluvia/02_Febrero/GRDS/02_2021_Prp.grd
DSAA
390 228
-118.47924025641 -86.14575974359
14.037283991228 32.871016008772
-999 199.55946350098
[rows 87 to 115 of 228, columns 132 to 197 of 390]
-999 -999 -999 -999 -999 -999 -999 -999 -999 -999 -999 -999 -999 -999 -999 -999 -999 -999 -999 -999 -999 -999 -999 -999 -999 -999 -999 -999 10.700326919556 11.687295913696 14.692706108093 17.636976242065 20.523803710938 22.287836074829 22.017099380493 19.98415184021 17.214521408081 14.656106948853 12.775897979736 11.544973373413 10.771913528442 10.283549308777 9.9694128036499 9.7552690505981 9.5946855545044 9.4726629257202 9.4124631881714 9.4676723480225 9.6486940383911 9.9033088684082 10.174187660217 10.432468414307 10.592300415039 10.454827308655 10.151523590088 9.8754892349243 9.6532554626465 9.4870071411133 9.3750648498535 9.2813472747803 9.1957149505615 9.0773992538452 8.7695245742798 7.8652014732361 5.9881491661072 5.9160947799683
-999 -999 -999 -999 -999 -999 -999 -999 -999 -999 -999 -999 -999 -999 -999 -999 -999 -999 -999 -999 -999 -999 -999 -999 -999 -999 -999 -999 8.9977073669434 10.244611740112 10.687951087952 12.371776580811 15.24921131134 16.896083831787 17.182134628296 16.278272628784 14.746737480164 13.134541511536 12.050151824951 11.272307395935 10.677535057068 10.264508247375 9.963677406311 9.760064125061 9.5985918045044 9.4582481384277 9.3556823730469 9.3583793640137 9.5665121078491 9.8059787750244 10.000420570374 10.124499320984 10.126277923584 9.9546852111816 9.7600841522217 9.6333036422729 9.5580606460571 9.5100297927856 9.4551753997803 9.3742437362671 9.2873573303223 9.1857118606567 8.8918962478638 7.9607543945313 5.8652529716492 4.9502954483032
-999 -999 -999 -999 -999 -999 -999 -999 -999 -999 -999 -999 -999 -999 -999 -999 -999 -999 -999 -999 -999 -999 -999 -999 -999 -999 -999 -999 9.3236827850342 9.5638513565063 9.0445775985718 9.8645944595337 12.195837020874 13.547738075256 14.006628036499 13.68909740448 12.835438728333 11.281120300293 11.403852462769 11.084197044373 10.700209617615 10.373957633972 10.102166175842 9.8886880874634 9.7152042388916 9.567723274231 9.4645299911499 9.4609394073486 9.5894031524658 9.7277050018311 9.7732858657837 9.7142705917358 9.5441589355469 9.3298664093018 9.295036315918 9.367582321167 9.4826231002808 9.5762615203857 9.5881195068359 9.5122947692871 9.42209815979 9.3254566192627 9.0764379501343 8.269679069519 6.2223534584045 5.0178608894348
-999 -999 -999 -999 -999 -999 -999 -999 -999 -999 -999 -999 -999 7.033118724823 -999 -999 -999 -999 -999 -999 -999 -999 -999 -999 -999 -999 -999 -999 9.389965057373 9.6169729232788 9.4866075515747 9.2302236557007 10.985291481018 12.050790786743 12.454480171204 12.386889457703 11.99617099762 11.497527122498 11.284026145935 11.083187103271 10.824207305908 10.551407814026 10.296825408936 10.077792167664 9.8969230651855 9.7544746398926 9.6615829467773 9.6369895935059 9.6621084213257 9.6598320007324 9.5572729110718 9.3737392425537 9.1446657180786 8.9664421081543 8.9757671356201 9.1666164398193 9.4241514205933 9.6343021392822 9.7076072692871 9.6501913070679 9.5573177337646 9.4632167816162 9.2789945602417 8.76389503479 7.58793592453 5.5651359558105
-999 -999 -999 -999 -999 -999 -999 -999 -999 -999 -999 -999 6.9063200950623 -999 -999 -999 -999 -999 -999 -999 -999 -999 -999 -999 -999 -999 8.648323059082 9.051552772522 9.4031429290771 9.7557191848755 9.8228006362915 9.4802703857422 10.861063957214 11.646395683289 11.928544998169 11.909192085266 11.748140335083 11.558337211609 11.405557632446 11.231976509094 11.004099845886 10.751039505005 10.503801345825 10.282297134399 10.09801864624 9.9584016799927 9.8655557632446 9.8031187057495 9.7264804840088 9.5877475738525 9.3797168731689 9.144739151001 8.929425239563 8.793399810791 8.8130750656128 8.9996500015259 9.2642936706543 9.4804553985596 9.5610675811768 9.567193031311 9.5499258041382 9.5005559921265 9.3693895339966 9.040623664856 8.1017780303955 6.0213661193848
-999 -999 -999 -999 -999 -999 -999 -999 -999 -999 -999 6.8378314971924 -999 -999 -999 -999 -999 -999 -999 -999 -999 -999 -999 -999 -999 7.7347393035889 8.1301345825195 8.6821193695068 9.2767190933228 9.8533153533936 10.233289718628 10.555651664734 11.133217811584 11.604146003723 11.791052818298 11.790685653687 11.719329833984 11.635028839111 11.544363975525 11.396199226379 11.182083129883 10.942406654358 10.703541755676 10.482257843018 10.293519973755 10.152629852295 10.058190345764 9.9717445373535 9.8306531906128 9.5864782333374 9.2705278396606 9.0206527709961 8.8311309814453 8.7097415924072 8.695990562439 8.791069984436 8.8486099243164 8.7571830749512 8.7428560256958 8.8926887512207 9.1809368133545 9.3058423995972 9.2482595443726 9.0335178375244 8.2620286941528 6.3018155097961
-999 -999 -999 -999 -999 -999 -999 -999 -999 -999 -999 -999 -999 -999 -999 -999 -999 -999 -999 -999 -999 -999 -999 -999 -999 7.3718934059143 7.6298751831055 -999 8.8174104690552 10.027258872986 10.581462860107 10.942970275879 11.273343086243 11.513583183289 11.619621276855 11.668161392212 11.682144165039 11.663139343262 11.612150192261 11.49960899353 11.323204994202 11.114918708801 10.896017074585 10.681325912476 10.487477302551 10.34263420105 10.254587173462 10.164381980896 9.9980001449585 9.698148727417 9.3133859634399 9.0103712081909 8.8176317214966 8.6667852401733 8.5698747634888 8.5877122879028 8.3201580047607 7.1484594345093 6.8585696220398 7.199746131897 8.3923368453979 8.8392133712769 8.895435333252 8.8212995529175 8.2812547683716 6.5114688873291
-999 -999 -999 -999 -999 -999 -999 -999 -999 -999 -999 -999 -999 -999 -999 -999 -999 -999 -999 -999 -999 -999 -999 -999 6.4217844009399 6.9619326591492 7.4121408462524 7.862494468689 9.5753488540649 -999 10.722008705139 10.913166046143 11.048857688904 11.077553749084 11.06805229187 11.344816207886 11.565945625305 11.636791229248 11.628876686096 11.560881614685 11.438605308533 11.278216362 11.095420837402 10.902491569519 10.715683937073 10.566764831543 10.487711906433 10.384813308716 10.18556022644 9.8330249786377 9.3736486434937 9.0407438278198 8.8644323348999 8.6671724319458 8.2648220062256 8.4673490524292 8.2377424240112 6.9233102798462 6.4593086242676 6.83527135849 7.4623112678528 8.3123540878296 8.3462133407593 8.4879064559937 8.2905082702637 6.7955193519592
-999 -999 -999 -999 -999 -999 -999 -999 -999 -999 -999 -999 -999 -999 -999 -999 -999 -999 -999 -999 -999 -999 -999 -999 5.4140038490295 6.3432984352112 7.2493486404419 8.8626909255981 9.7635955810547 10.219887733459 10.1877784729 10.075669288635 10.02108001709 9.9041538238525 9.4201259613037 10.798372268677 11.403523445129 11.599679946899 11.646811485291 11.625866889954 11.555841445923 11.448046684265 11.313187599182 11.163146972656 11.01488494873 10.892823219299 10.795136451721 10.650339126587 10.381008148193 9.9494609832764 9.4403505325317 9.1015100479126 8.9646558761597 8.7943830490112 8.2963771820068 8.3137474060059 8.594295501709 8.1946401596069 7.4045844078064 8.3089799880981 8.5488882064819 8.2680215835571 7.5423727035522 8.2712373733521 8.4152212142944 7.7856912612915
-999 -999 -999 -999 -999 -999 -999 -999 -999 -999 -999 -999 -999 -999 -999 -999 -999 -999 -999 -999 -999 -999 -999 4.3614268302917 4.7266788482666 5.3996338844299 6.5029973983765 8.4452228546143 8.5290784835815 9.2589979171753 8.2740726470947 7.8369669914246 7.6803846359253 7.7700834274292 8.3921432495117 10.341973304749 11.261908531189 11.592807769775 11.698291778564 11.717854499817 11.691554069519 11.631361961365 11.547060012817 11.451097488403 11.357346534729 11.273585319519 11.176740646362 11.002015113831 10.680871963501 10.202144622803 9.6713352203369 9.2877340316772 9.1098642349243 8.9827537536621 8.8061246871948 8.7730150222778 8.9108982086182 9.0064973831177 9.108470916748 9.3918352127075 9.2415494918823 8.6248216629028 8.109808921814 8.2810335159302 8.5279893875122 8.2377824783325
-999 -999 -999 -999 -999 -999 -999 -999 -999 -999 -999 -999 -999 -999 -999 -999 -999 -999 -999 -999 -999 -999 -999 3.9277515411377 4.307689666748 4.9923105239868 6.2230577468872 7.2628078460693 7.8437576293945 7.9183855056763 7.3738317489624 6.8836345672607 6.7153978347778 6.9381418228149 7.7919907569885 9.8654737472534 11.071089744568 11.605152130127 11.787551879883 11.842148780823 11.846543312073 11.822616577148 11.781748771667 11.737337112427 11.700672149658 11.670481681824 11.613353729248 11.456534385681 11.126408576965 10.622909545898 10.052044868469 9.5764617919922 9.3012208938599 9.1495780944824 9.027512550354 8.9748840332031 9.0967397689819 9.4207067489624 9.7680110931396 9.9138488769531 9.5662956237793 8.8965435028076 8.3966875076294 8.3632354736328 8.5960416793823 8.6518411636353
-999 -999 -999 -999 -999 -999 -999 -999 -999 -999 -999 -999 -999 -999 -999 -999 -999 -999 -999 -999 -999 -999 -999 3.6062886714935 4.1112861633301 4.9816980361938 6.2048287391663 7.3148918151855 8.5404901504517 8.6233520507813 7.55100440979 6.8484902381897 6.5893249511719 6.7647085189819 7.4243531227112 8.7519292831421 10.797221183777 11.634276390076 11.910509109497 11.992624282837 12.012256622314 12.00842666626 11.997038841248 11.992290496826 12.006495475769 12.041118621826 12.063088417053 11.980281829834 11.680541992188 11.158605575562 10.537556648254 9.9733533859253 9.5900974273682 9.3739633560181 9.2256355285645 9.1580181121826 9.2748556137085 9.6136913299561 9.991003036499 10.133950233459 9.7393350601196 9.0585451126099 8.5622520446777 8.4472494125366 8.6171445846558 8.7037754058838
-999 -999 -999 -999 -999 -999 -999 -999 -999 -999 -999 -999 -999 -999 -999 -999 -999 -999 -999 -999 -999 -999 -999 3.3172090053558 3.9923434257507 5.6406836509705 6.5605058670044 8.3221607208252 9.0141229629517 9.178186416626 8.6022748947144 7.201210975647 6.7566080093384 6.858124256134 7.3754558563232 8.5544815063477 10.737758636475 11.740671157837 12.071490287781 12.158880233765 12.174965858459 12.173596382141 12.174509048462 12.191802978516 12.239669799805 12.329842567444 12.444586753845 12.47795009613 12.239366531372 11.712608337402 11.069836616516 10.468929290771 10.02099609375 9.7305479049683 9.5269260406494 9.4104328155518 9.4628648757935 9.6990404129028 9.9640598297119 10.025233268738 9.6804847717285 9.1321849822998 8.6810264587402 8.5569667816162 8.5576190948486 7.9154376983643
-999 -999 -999 -999 -999 -999 -999 -999 -999 -999 -999 -999 -999 -999 -999 -999 -999 -999 -999 -999 -999 -999 -999 3.0296835899353 3.6920495033264 5.0090746879578 7.036404132843 8.3122615814209 9.0635433197021 9.3766851425171 9.0189170837402 7.5733785629272 7.0808773040771 7.1366729736328 7.6106305122375 8.7637529373169 10.947814941406 11.946041107178 12.257608413696 12.32101726532 12.316246032715 12.301776885986 12.299844741821 12.322628974915 12.380743980408 12.49031829834 12.657049179077 12.781457901001 12.619041442871 12.150318145752 11.559238433838 10.98858833313 10.536350250244 10.212785720825 9.9519138336182 9.7434940338135 9.662446975708 9.7259635925293 9.7880706787109 9.7020816802979 9.3846368789673 8.9489107131958 8.6106948852539 8.5304899215698 8.6083879470825 8.7106733322144
-999 -999 -999 -999 -999 -999 -999 -999 -999 -999 -999 -999 -999 -999 -999 -999 -999 -999 -999 -999 -999 -999 2.5621776580811 2.7923448085785 3.4317126274109 5.2436780929565 6.8334879875183 8.0551147460938 8.8797264099121 9.391300201416 9.3433218002319 8.2519989013672 7.8773655891418 7.780900478363 8.2077178955078 9.378565788269 11.348644256592 12.172639846802 12.419262886047 12.449270248413 12.415037155151 12.378082275391 12.364795684814 12.386362075806 12.445437431335 12.54630279541 12.701580047607 12.824215888977 12.731481552124 12.402836799622 11.953186988831 11.498246192932 11.11127281189 10.800910949707 10.503551483154 10.194469451904 9.9348583221436 9.7583208084106 9.592381477356 9.3498153686523 9.0021944046021 8.6326007843018 8.3931474685669 8.3955421447754 8.5929517745972 8.8452043533325
-999 -999 -999 -999 -999 -999 -999 -999 -999 -999 -999 -999 -999 -999 -999 -999 -999 -999 -999 -999 -999 -999 2.453088760376 2.6466834545135 3.1006767749786 4.1539278030396 6.1536822319031 7.6437315940857 8.7312355041504 9.4944868087769 9.8636350631714 9.8715419769287 9.8512172698975 9.0498695373535 9.3876848220825 10.927186012268 11.886452674866 12.364133834839 12.519758224487 12.517957687378 12.454288482666 12.392142295837 12.365820884705 12.390216827393 12.462215423584 12.573463439941 12.704501152039 12.783265113831 12.730256080627 12.530479431152 12.243644714355 11.95237159729 11.701700210571 11.465790748596 11.15007686615 10.730785369873 10.263548851013 9.8325710296631 9.4481363296509 9.0525808334351 8.6496181488037 8.3187398910522 8.1760158538818 8.2528600692749 8.5026521682739 8.7963886260986
-999 -999 -999 -999 -999 -999 -999 -999 -999 -999 -999 -999 -999 -999 -999 -999 -999 -999 -999 -999 -999 2.2721724510193 -999 2.6499254703522 2.9878082275391 3.6905932426453 5.0451354980469 7.2841625213623 8.7738571166992 9.8895273208618 10.511706352234 10.869058609009 11.027097702026 11.019574165344 11.269933700562 11.81503868103 12.24907875061 12.469738006592 12.539837837219 12.510896682739 12.429861068726 12.347162246704 12.306338310242 12.334894180298 12.423434257507 12.550358772278 12.668931007385 12.710094451904 12.668552398682 12.552801132202 12.399241447449 12.268911361694 12.18777179718 12.085601806641 11.781023979187 11.246784210205 10.588509559631 9.9468965530396 9.3754405975342 8.8362665176392 8.3618087768555 8.0689363479614 8.0115232467651 8.1500978469849 8.3867101669312 8.6759414672852
-999 -999 -999 -999 -999 -999 -999 -999 -999 -999 -999 -999 -999 -999 -999 -999 -999 -999 -999 -999 -999 2.2709813117981 2.5207209587097 2.8081543445587 3.175124168396 3.7654521465302 4.9068584442139 7.1588344573975 9.0933809280396 10.22519493103 10.870623588562 11.286833763123 11.570713043213 11.773348808289 11.983413696289 12.215326309204 12.395781517029 12.488585472107 12.502809524536 12.452486991882 12.361144065857 12.264444351196 12.205595016479 12.21949005127 12.306533813477 12.432156562805 12.536525726318 12.5520362854 12.508884429932 12.433310508728 12.363842964172 12.346396446228 12.378781318665 12.365502357483 12.126036643982 11.548028945923 10.802227973938 10.047187805176 9.348557472229 8.7073087692261 8.16832447052 7.8875031471252 7.8640422821045 7.9884147644043 8.1304750442505 8.2989912033081
-999 -999 -999 -999 -999 -999 -999 -999 -999 -999 -999 -999 -999 -999 -999 -999 -999 -999 -999 -999 2.0224809646606 2.2927114963531 2.6546449661255 3.080685377121 3.5637328624725 4.1778020858765 5.1524715423584 6.7936277389526 9.3225879669189 10.529321670532 11.124093055725 11.505582809448 11.794745445251 12.021198272705 12.201959609985 12.341527938843 12.430674552917 12.463520050049 12.44211769104 12.372754096985 12.270288467407 12.160544395447 12.07640171051 12.053217887878 12.114567756653 12.210094451904 12.281265258789 12.287486076355 12.233581542969 12.157445907593 12.122668266296 12.161108970642 12.232151985168 12.232911109924 12.022128105164 11.519415855408 10.801750183105 10.024552345276 9.2824659347534 8.6173162460327 8.0827465057373 7.8040385246277 7.7473058700562 7.806577205658 7.7763385772705 7.2524995803833
-999 -999 -999 -999 -999 -999 -999 -999 -999 -999 -999 -999 -999 -999 -999 -999 -999 -999 1.7269855737686 1.7869147062302 1.9683009386063 2.3297216892242 2.8624997138977 3.5004169940948 4.1657657623291 4.8857932090759 5.8871307373047 7.4716553688049 9.8321266174316 10.882912635803 11.380805015564 11.699633598328 11.948648452759 12.146423339844 12.29288482666 12.387771606445 12.431231498718 12.424614906311 12.371582984924 12.278567314148 12.158804893494 12.032956123352 11.925057411194 11.864086151123 11.872576713562 11.916996955872 11.947751045227 11.928714752197 11.854717254639 11.763018608093 11.727646827698 11.780919075012 11.848422050476 11.839999198914 11.656294822693 11.230692863464 10.565061569214 9.8088817596436 9.0546083450317 8.4035129547119 7.9439997673035 7.7219920158386 7.6525449752808 7.6565761566162 7.6460676193237 7.5702328681946
-999 -999 -999 -999 -999 -999 -999 -999 -999 -999 -999 -999 -999 -999 -999 -999 -999 -999 1.6822106838226 1.716618180275 1.9183319807053 2.4327044487 3.2633402347565 4.281268119812 5.2260155677795 6.0985307693481 7.2026581764221 9.2914943695068 10.60071849823 11.302584648132 11.667944908142 11.915465354919 12.11240196228 12.265824317932 12.370515823364 12.423986434937 12.426707267761 12.381042480469 12.291325569153 12.165487289429 12.017112731934 11.86554145813 11.731087684631 11.62682723999 11.57667350769 11.567032814026 11.555477142334 11.505716323853 11.414847373962 11.31757068634 11.271879196167 11.294437408447 11.326922416687 11.291479110718 11.097707748413 10.698372840881 10.10971736908 9.3964099884033 8.5474863052368 7.9309511184692 7.5529866218567 7.5305190086365 7.4991555213928 7.4664268493652 7.5104537010193 7.6554236412048
-999 -999 -999 -999 -999 -999 -999 -999 -999 -999 -999 -999 -999 -999 -999 -999 -999 1.697646856308 1.6872789859772 1.7183707952499 1.967711687088 2.7449271678925 4.0346231460571 5.8163752555847 7.1007122993469 8.1269769668579 9.1003170013428 10.197984695435 11.208122253418 11.69757270813 11.959795951843 12.143544197083 12.288102149963 12.393233299255 12.451910972595 12.460603713989 12.41918182373 12.329772949219 12.196535110474 12.027171134949 11.835157394409 11.6388463974 11.456501960754 11.304914474487 11.203402519226 11.150123596191 11.108626365662 11.035310745239 10.931517601013 10.829889297485 10.764933586121 10.742166519165 10.722454071045 10.642171859741 10.428382873535 10.04968547821 9.5193681716919 8.8890285491943 8.1602306365967 7.6396794319153 7.3177771568298 7.1945886611938 7.2524576187134 7.0716471672058 7.112500667572 7.3879833221436
-999 -999 -999 -999 -999 -999 -999 -999 -999 -999 -999 -999 -999 -999 -999 1.8389389514923 1.785796880722 1.7588474750519 1.7789522409439 1.903638958931 2.3154146671295 3.4286212921143 5.4154357910156 7.0478143692017 8.3997964859009 9.4507493972778 10.248666763306 10.973402023315 11.662015914917 12.024034500122 12.22292137146 12.35862827301 12.457008361816 12.515627861023 12.527504920959 12.489199638367 12.400691986084 12.264201164246 12.082655906677 11.860916137695 11.610869407654 11.351889610291 11.106320381165 10.896094322205 10.742099761963 10.651579856873 10.595317840576 10.506848335266 10.395754814148 10.28830909729 10.202802658081 10.14026927948 10.073079109192 9.9494514465332 9.7222490310669 9.3782663345337 8.8794832229614 8.3426485061646 7.8247427940369 7.426992893219 7.1647715568542 7.0208926200867 6.949809551239 6.8943266868591 6.9578256607056 7.2509937286377
-999 -999 -999 -999 -999 -999 -999 -999 -999 -999 -999 -999 -999 -999 2.0669782161713 1.9829193353653 1.9189584255219 1.9096585512161 2.0163125991821 2.3643090724945 3.1559784412384 4.5928544998169 6.5606894493103 8.0527057647705 9.2863273620605 10.277376174927 11.022046089172 11.602096557617 12.043363571167 12.305225372314 12.446409225464 12.540608406067 12.599380493164 12.615956306458 12.582987785339 12.497349739075 12.360230445862 12.175501823425 11.944909095764 11.667014122009 11.348365783691 11.014315605164 10.697100639343 10.421485900879 10.208150863647 10.075016021729 9.9977989196777 9.9145317077637 9.8131408691406 9.7064437866211 9.6066808700562 9.5189027786255 9.4212808609009 9.2703418731689 9.015398979187 8.7599020004272 8.3978080749512 7.9444699287415 7.5334072113037 7.2403664588928 7.046998500824 6.9323444366455 6.8694891929626 6.8504366874695 6.9156465530396 7.1311264038086
-999 -999 -999 -999 -999 -999 -999 -999 -999 -999 -999 -999 -999 2.3839869499207 2.3880367279053 2.2770214080811 2.2456161975861 2.2525618076324 2.4738504886627 3.1252157688141 4.5965175628662 6.2227067947388 7.5437574386597 8.8395328521729 9.9354639053345 10.896333694458 11.644894599915 12.178807258606 12.503982543945 12.586356163025 12.638934135437 12.680745124817 12.700652122498 12.679487228394 12.604374885559 12.471060752869 12.283415794373 12.049507141113 11.773553848267 11.443203926086 11.049656867981 10.633762359619 10.249390602112 9.9185075759888 9.6531410217285 9.4807167053223 9.3875732421875 9.3080234527588 9.2189807891846 9.1179218292236 9.0127515792847 8.9145936965942 8.8026142120361 8.6451597213745 8.4242744445801 8.2192039489746 7.9489545822144 7.6108155250549 7.2995729446411 7.0768642425537 6.9416408538818 6.8714323043823 6.8415956497192 6.8400874137878 6.8970623016357 7.0508737564087
-999 -999 -999 -999 -999 -999 -999 -999 -999 -999 -999 -999 -999 2.7602756023407 2.9069640636444 2.704788684845 2.9701931476593 2.8708579540253 3.1991264820099 4.1377563476563 5.3274545669556 7.141185760498 8.5074520111084 9.3552474975586 10.330842018127 11.372236251831 12.174259185791 12.717241287231 12.983557701111 12.906391143799 12.821490287781 12.775679588318 12.748552322388 12.691927909851 12.575819969177 12.392543792725 12.150537490845 11.862873077393 11.545388221741 11.178235054016 10.710648536682 10.217395782471 9.7888250350952 9.4295387268066 9.1437206268311 8.9501819610596 8.8311681747437 8.7399301528931 8.6509628295898 8.5553684234619 8.4544277191162 8.3479251861572 8.2231502532959 8.0628032684326 7.8752212524414 7.7056570053101 7.5135717391968 7.2908053398132 7.0824408531189 6.9292206764221 6.8387818336487 6.7984056472778 6.7913384437561 6.8056988716125 6.8702187538147 7.0163340568542
-999 -999 -999 -999 -999 -999 -999 -999 -999 -999 -999 -999 1.9190732240677 2.5478806495667 2.8280954360962 3.0053389072418 3.3295283317566 3.7213478088379 4.2900013923645 4.9607968330383 6.0035080909729 7.4223742485046 9.2185697555542 10.180354118347 10.889622688293 11.519854545593 12.556203842163 13.164672851563 13.43172454834 13.383735656738 12.988883972168 12.814462661743 12.728719711304 12.634565353394 12.474405288696 12.234977722168 11.937769889832 11.591233253479 11.226623535156 10.837844848633 10.32826423645 9.7948446273804 9.357120513916 8.9867506027222 8.6908617019653 8.4846229553223 8.3395833969116 8.2250480651855 8.1262826919556 8.0322351455688 7.9337840080261 7.822612285614 7.6890358924866 7.5260057449341 7.3521504402161 7.2216954231262 7.0875315666199 6.953471660614 6.8421306610107 6.7702960968018 6.7326159477234 6.7132506370544 6.7179374694824 6.751097202301 6.83984375 7.0226898193359
-999 -999 -999 -999 -999 -999 -999 -999 -999 -999 -999 1.727028131485 1.7111465930939 1.9267058372498 2.1891098022461 2.5361347198486 3.3483552932739 4.1928415298462 5.7675628662109 6.2446041107178 7.8436250686646 8.8447551727295 9.6372537612915 10.322775840759 10.667774200439 11.551811218262 12.738465309143 13.441179275513 13.729711532593 13.62806224823 13.060760498047 12.776886940002 12.620606422424 12.474338531494 12.255389213562 11.948451042175 11.605139732361 11.220203399658 10.823058128357 10.421920776367 9.944263458252 9.4436321258545 9.0020599365234 8.6225032806396 8.3121156692505 8.0863475799561 7.9114637374878 7.7669486999512 7.6519303321838 7.5551748275757 7.4561762809753 7.3434643745422 7.2110733985901 7.056526184082 6.8995385169983 6.7934608459473 6.6468048095703 6.5667986869812 6.5512642860413 6.5923690795898 6.6511507034302 6.6483449935913 6.6727886199951 6.720654964447 6.8411316871643 7.0763387680054
-999 -999 -999 -999 -999 -999 -999 -999 -999 -999 2.3110163211823 1.8399266004562 1.7355078458786 1.843777179718 2.0555834770203 2.4032921791077 3.2201969623566 4.1215376853943 6.7204461097717 8.118953704834 8.9704027175903 9.2456541061401 8.9168882369995 9.5259084701538 10.393831253052 11.450095176697 12.538246154785 13.51598072052 13.830049514771 13.692037582397 13.030488967896 12.664248466492 12.413049697876 12.154331207275 11.838327407837 11.475073814392 11.112079620361 10.75084400177 10.389456748962 10.015242576599 9.5960779190063 9.1493692398071 8.7231035232544 8.3413515090942 8.0158433914185 7.7532868385315 7.542896270752 7.369987487793 7.2363820075989 7.1312880516052 7.0280275344849 6.9160261154175 6.7943868637085 6.658597946167 6.5202760696411 6.3993072509766 6.3018608093262 6.2576122283936 6.2962565422058 6.4040117263794 6.5316243171692 6.6361417770386 6.7112588882446 6.7402076721191 6.9003210067749 7.1851897239685
