datos/01-EFM-Pronostico-de-Enero-2021-Lluvia/02_Febrero/GRDS/02_2021_Prp.grd
DSAA
390 228
-118.47924025641 -86.14575974359
14.037283991228 32.871016008772
-999 199.55946350098
[rows 145 to 173 of 228, columns 66 to 131 of 390]
-999 -999 -999 -999 -999 -999 -999 -999 -999 -999 5.4984402656555 5.5390529632568 5.6308288574219 5.7511143684387 5.8286643028259 5.7718176841736 5.5592217445374 5.1943483352661 4.681131362915 4.1095333099365 3.6908347606659 -999 -999 -999 -999 -999 -999 -999 -999 -999 -999 -999 -999 -999 -999 -999 -999 -999 -999 -999 -999 -999 -999 -999 7.200553894043 7.4204769134521 7.5270781517029 7.4354357719421 7.1933488845825 6.9638500213623 6.922616481781 7.1677498817444 7.6935253143311 8.2939195632935 8.8009767532349 9.2786426544189 9.9597902297974 10.566012382507 11.051293373108 11.62525844574 12.15548992157 12.96940612793 13.7242603302 14.303817749023 14.777758598328 15.0890417099
-999 -999 -999 -999 -999 -999 -999 -999 -999 5.6287426948547 5.6789402961731 5.6906709671021 5.6892871856689 5.677225112915 5.6154279708862 5.4488725662231 5.1589140892029 4.7588233947754 4.2834725379944 3.8319170475006 -999 -999 -999 -999 -999 -999 -999 -999 -999 -999 -999 -999 -999 -999 -999 -999 -999 -999 -999 -999 -999 -999 -999 -999 -999 7.5501461029053 7.6725220680237 7.6626596450806 7.5376634597778 7.3898210525513 7.3957962989807 7.7114105224609 8.360276222229 9.1524677276611 9.8878736495972 10.573037147522 11.276993751526 11.965179443359 12.612524986267 13.248579978943 13.88994884491 14.547825813293 15.106407165527 15.50929069519 15.847093582153 16.182479858398
-999 -999 -999 -999 -999 -999 5.5373830795288 -999 5.707818031311 5.8442625999451 5.9163413047791 5.8752188682556 5.7568969726563 5.6039781570435 5.411395072937 5.1505208015442 4.8130054473877 4.4169111251831 4.0073065757751 3.6637642383575 -999 -999 -999 -999 -999 -999 -999 -999 -999 -999 -999 -999 -999 -999 -999 -999 -999 -999 -999 -999 -999 -999 -999 -999 -999 -999 7.8244895935059 7.8901715278625 7.8474249839783 7.7530860900879 7.8055500984192 8.1645059585571 8.9189500808716 9.8574409484863 10.699736595154 11.496959686279 12.30196762085 13.092819213867 13.822907447815 14.481568336487 15.086225509644 15.634311676025 16.079849243164 16.417516708374 16.716190338135 17.037981033325
-999 -999 -999 -999 -999 5.7882194519043 5.6957211494446 5.7654800415039 5.9341711997986 6.0993585586548 6.1677961349487 6.0472731590271 5.8091611862183 5.5318007469177 5.2309784889221 4.893753528595 4.5211291313171 4.1382207870483 3.7922582626343 3.5357086658478 -999 -999 -999 -999 -999 -999 -999 -999 -999 -999 -999 -999 -999 -999 -999 -999 -999 -999 -999 -999 -999 -999 -999 -999 -999 -999 7.9732303619385 8.1029586791992 8.1264791488647 8.0798721313477 8.1851902008057 8.5691051483154 9.3136644363403 10.27504825592 11.238327980042 12.189261436462 13.147937774658 14.073457717896 14.877907752991 15.527058601379 16.070510864258 16.5348777771 16.915475845337 17.223875045776 17.501384735107 17.788551330566
-999 -999 -999 6.3673963546753 6.1932640075684 6.041127204895 5.9792594909668 6.0584321022034 6.2157964706421 6.3406820297241 6.3348093032837 6.1406607627869 5.8182373046875 5.4507145881653 5.0699725151062 4.6767339706421 4.2782206535339 3.9060516357422 3.6148183345795 -999 -999 -999 -999 -999 -999 -999 -999 -999 -999 -999 -999 -999 -999 -999 -999 -999 -999 -999 -999 -999 -999 -999 -999 -999 -999 -999 8.1216812133789 8.3130302429199 8.4205465316772 8.4596567153931 8.5897331237793 8.9402122497559 9.6058626174927 10.546080589294 11.615740776062 12.731132507324 13.848704338074 14.913640975952 15.79829120636 16.440977096558 16.949722290039 17.366968154907 17.707033157349 17.989391326904 18.240854263306 18.480253219604
-999 -999 6.7563862800598 6.6184802055359 6.4838452339172 6.3691153526306 6.3192639350891 6.3826866149902 6.5037536621094 6.5538673400879 6.4429793357849 6.1647562980652 5.7774434089661 5.350576877594 4.9206523895264 4.4975023269653 4.0898904800415 3.7319474220276 3.4892544746399 -999 -999 -999 -999 -999 -999 -999 -999 -999 -999 -999 -999 -999 -999 -999 -999 -999 -999 -999 -999 -999 -999 -999 -999 -999 -999 -999 8.2788820266724 8.5346012115479 8.7315330505371 8.8825197219849 9.072377204895 9.4080610275269 10.026867866516 10.927164077759 12.042193412781 13.240278244019 14.43861579895 15.567914962769 16.513385772705 17.221046447754 17.758327484131 18.17272567749 18.491916656494 18.747732162476 18.967948913574 19.149097442627
7.1659235954285 7.0913815498352 7.0049204826355 6.9059152603149 6.8069519996643 6.7072219848633 6.6300530433655 6.6491746902466 6.742148399353 6.7268252372742 6.5116963386536 6.1426281929016 5.6937618255615 5.2273507118225 4.7785038948059 -999 -999 3.655252456665 -999 -999 -999 -999 -999 -999 -999 -999 -999 -999 -999 -999 -999 -999 -999 -999 -999 -999 -999 -999 -999 -999 -999 -999 -999 -999 -999 8.1132526397705 8.4572305679321 8.7892580032349 9.0933790206909 9.3756875991821 9.6842403411865 10.104459762573 10.734330177307 11.602304458618 12.663682937622 13.823613166809 15.003038406372 16.139225006104 17.139585494995 17.939712524414 18.547740936279 18.993999481201 19.312189102173 19.544248580933 19.729948043823 19.842618942261
7.3274092674255 7.2968149185181 7.2697367668152 7.2366471290588 7.1788721084595 7.0599284172058 6.8914685249329 6.7954134941101 6.8505611419678 6.8016691207886 6.505877494812 6.0632944107056 5.5677499771118 5.0814065933228 4.6431012153625 -999 3.9261264801025 3.663711309433 -999 -999 -999 -999 -999 -999 -999 -999 -999 -999 -999 -999 -999 -999 -999 -999 -999 -999 -999 -999 -999 -999 -999 -999 -999 -999 7.882709980011 8.2582445144653 8.6654930114746 9.0901098251343 9.5163841247559 9.942234992981 10.395365715027 10.931663513184 11.609661102295 12.456240653992 13.448091506958 14.524202346802 15.63653755188 16.7643699646 17.816808700562 18.700664520264 19.383787155151 19.87423324585 20.208131790161 20.430990219116 20.566688537598 20.60343170166
7.4510641098022 7.4722671508789 7.5189099311829 7.5747790336609 7.5884327888489 7.4678888320923 7.1852197647095 6.8859448432922 6.8419666290283 6.7398567199707 6.3876819610596 5.9108743667603 5.403121471405 4.9238080978394 -999 4.194004535675 3.9194321632385 -999 -999 -999 -999 -999 -999 -999 -999 -999 -999 -999 -999 -999 -999 -999 -999 -999 -999 -999 -999 -999 -999 6.5836963653564 6.825008392334 7.0809421539307 -999 7.6582751274109 8.0100364685059 8.4280338287354 8.9082336425781 9.4362945556641 9.9903764724731 10.557454109192 11.148705482483 11.795569419861 12.533761024475 13.384135246277 14.33465385437 15.353002548218 16.416835784912 17.53430557251 18.619441986084 19.566637039185 20.313302993774 20.840354919434 21.183513641357 21.392932891846 21.481864929199 21.446895599365
7.5189380645752 7.5849957466125 7.6983213424683 7.8435416221619 7.9558234214783 7.8952708244324 7.5795874595642 7.1971259117126 6.9037518501282 6.5863246917725 6.1640067100525 5.690299987793 5.2181386947632 4.788800239563 -999 4.157443523407 -999 -999 -999 -999 -999 -999 -999 -999 -999 -999 -999 -999 -999 -999 -999 -999 -999 -999 -999 -999 -999 -999 -999 6.7259321212769 6.9724936485291 7.2350578308105 7.5084896087646 7.8075881004333 8.1724672317505 8.631236076355 9.1844644546509 9.8180818557739 10.50063419342 11.201982498169 11.914277076721 12.657550811768 13.458752632141 14.333231925964 15.279811859131 16.283750534058 17.342195510864 18.451927185059 19.550199508667 20.543628692627 21.347011566162 21.899942398071 22.234643936157 22.423545837402 22.464170455933 22.356130599976
7.5186219215393 7.6070251464844 7.7547559738159 7.943772315979 8.1089773178101 8.1087398529053 7.8250579833984 7.4371089935303 6.9212193489075 6.359751701355 5.8579769134521 5.4217414855957 5.0260000228882 -999 -999 -999 -999 -999 -999 -999 -999 -999 -999 -999 -999 -999 -999 -999 -999 -999 -999 -999 -999 -999 -999 -999 -999 -999 6.6659421920776 6.9225177764893 7.1949944496155 7.4622135162354 7.7106432914734 8.0019617080688 8.369234085083 8.8565235137939 9.4768733978271 10.216870307922 11.030498504639 11.860795974731 12.680661201477 13.509675979614 14.369687080383 15.277382850647 16.238985061646 17.251483917236 18.316093444824 19.434467315674 20.546283721924 21.576932907104 22.439588546753 23.028230667114 23.354425430298 23.511262893677 23.49097442627 23.289726257324
7.4539842605591 7.5354270935059 7.6727738380432 7.8415441513062 7.9667372703552 7.933774471283 7.6760272979736 7.2351975440979 6.6224927902222 5.9716758728027 5.4783363342285 5.1322951316833 4.8332304954529 -999 -999 -999 -999 -999 -999 -999 -999 -999 -999 -999 -999 -999 -999 -999 -999 -999 -999 -999 -999 -999 -999 -999 -999 6.613187789917 6.8756141662598 7.1729655265808 7.4846444129944 7.7539825439453 7.9591684341431 8.2200775146484 8.5851545333862 9.0930557250977 9.772008895874 10.612840652466 11.558180809021 12.518426895142 13.442195892334 14.351598739624 15.266263008118 16.204694747925 17.183660507202 18.212892532349 19.29448890686 20.416938781738 21.533823013306 22.579969406128 23.471904754639 24.106788635254 24.469408035278 24.608716964722 24.520526885986 24.193206787109
7.3542141914368 7.4030027389526 7.4994430541992 7.6148161888123 7.667375087738 7.5697708129883 7.2697286605835 6.7725324630737 6.1335563659668 5.5063819885254 5.1048784255981 4.8647809028625 4.649197101593 -999 -999 -999 -999 -999 -999 -999 -999 -999 -999 -999 -999 -999 -999 -999 -999 -999 -999 -999 -999 -999 -999 -999 6.5807662010193 6.8273677825928 7.1127781867981 7.4529747962952 7.8040351867676 8.0950841903687 8.3014583587646 8.5191287994385 8.8437356948853 9.3634548187256 10.086199760437 11.000266075134 12.059450149536 13.14937210083 14.196688652039 15.197949409485 16.162843704224 17.116703033447 18.098434448242 19.136194229126 20.230974197388 21.356948852539 22.46693611145 23.503677368164 24.39529800415 25.0641040802 25.474266052246 25.630029678345 25.461030960083 24.984897613525
7.271035194397 7.2812786102295 7.3237290382385 7.377064704895 7.3582348823547 7.1905055046082 6.8321495056152 6.2947402000427 5.6628031730652 5.1171536445618 4.8180809020996 -999 -999 -999 -999 -999 -999 -999 -999 -999 -999 -999 -999 -999 -999 -999 -999 -999 -999 -999 -999 -999 -999 6.1234836578369 6.3480110168457 6.5716843605042 6.8076057434082 7.072774887085 7.3908433914185 7.7745547294617 8.1652278900146 8.4833087921143 8.7037038803101 8.8965606689453 9.1935014724731 9.7402610778809 10.489452362061 11.441916465759 12.580771446228 13.80556678772 14.996034622192 16.099098205566 17.099975585938 18.034902572632 18.987237930298 20.018138885498 21.120391845703 22.245067596436 23.337013244629 24.346717834473 25.218284606934 25.885759353638 26.28134727478 26.387283325195 26.14440536499 25.581310272217
7.2568254470825 7.2438740730286 7.225775718689 7.2129502296448 7.1266765594482 6.8980402946472 6.4933929443359 5.933648109436 5.3111600875854 4.806845664978 -999 -999 -999 -999 -999 -999 -999 -999 -999 -999 -999 -999 -999 -999 -999 -999 -999 -999 -999 -999 -999 -999 6.0980167388916 6.3409323692322 6.5698585510254 6.7993698120117 7.050039768219 7.3461198806763 7.7148180007935 8.1566963195801 8.6025381088257 8.9666128158569 9.2225408554077 9.4423923492432 9.7743711471558 10.355937957764 11.13898563385 12.106073379517 13.299704551697 14.633631706238 15.947962760925 17.148946762085 18.160791397095 19.018018722534 19.886184692383 20.889158248901 21.991346359253 23.104011535645 24.16201210022 25.122846603394 25.943475723267 26.559938430786 26.890695571899 26.922878265381 26.617893218994 26.001770019531
7.3416924476624 7.3272519111633 7.2524442672729 7.1615386009216 7.002317905426 6.7234897613525 6.2925882339478 5.740695476532 5.1652240753174 4.7167539596558 -999 -999 -999 -999 -999 -999 -999 -999 -999 -999 -999 -999 -999 -999 -999 -999 -999 -999 -999 5.5297684669495 -999 6.0370898246765 6.3059229850769 6.5621910095215 6.7923407554626 7.0222573280334 7.2909092903137 7.6313443183899 8.0692253112793 8.598611831665 9.1254911422729 9.5638055801392 9.8926477432251 10.19481754303 10.607696533203 11.254802703857 12.098823547363 13.124905586243 14.353516578674 15.72918510437 17.139308929443 18.456649780273 19.465015411377 20.169736862183 20.876756668091 21.828483581543 22.905763626099 23.974227905273 24.965993881226 25.849061965942 26.592554092407 27.138860702515 27.413415908813 27.371524810791 26.996212005615 26.316781997681
7.5181703567505 7.5231862068176 7.3923320770264 7.1982736587524 6.9548940658569 6.6334433555603 6.1944398880005 5.6778984069824 5.175799369812 -999 -999 -999 -999 -999 -999 -999 -999 -999 -999 -999 -999 -999 -999 -999 -999 -999 -999 -999 -999 -999 5.9375085830688 6.2123007774353 6.5031962394714 6.7774615287781 7.0006875991821 7.2221522331238 7.5131049156189 7.9249997138977 8.4731702804565 9.0926971435547 9.7073268890381 10.241816520691 10.673311233521 11.101348876953 11.634428024292 12.353846549988 13.265511512756 14.35796546936 15.629014015198 17.053638458252 18.573207855225 20.062082290649 21.074878692627 21.605134963989 22.110666275024 22.957975387573 23.932317733765 24.889060974121 25.763292312622 26.533100128174 27.18141746521 27.664768218994 27.894807815552 27.779077529907 27.323822021484 26.566257476807
7.7118258476257 7.727433681488 7.5271902084351 7.2404870986938 6.9202136993408 6.5570454597473 6.1310091018677 5.6669316291809 5.227068901062 -999 -999 -999 -999 -999 -999 -999 -999 -999 -999 -999 -999 -999 -999 -999 -999 -999 -999 -999 -999 -999 6.0910401344299 6.3722286224365 6.6854672431946 6.9677724838257 7.1846132278442 7.3952951431274 7.7050943374634 8.2205762863159 8.8923797607422 9.5986204147339 10.288770675659 10.9193983078 11.488142967224 12.061644554138 12.722127914429 13.530225753784 14.514452934265 15.659474372864 16.96365737915 18.441593170166 20.090185165405 21.723028182983 22.757152557373 23.220483779907 23.648500442505 24.297328948975 25.077121734619 25.851453781128 26.55136680603 27.160785675049 27.678810119629 28.079065322876 28.275194168091 28.093391418457 27.580924987793 26.75001335144
7.779224395752 7.7825241088867 7.5449190139771 7.2139401435852 6.8542904853821 6.4739074707031 6.0667748451233 5.6495661735535 -999 -999 -999 -999 -999 -999 -999 -999 -999 -999 -999 -999 -999 -999 -999 -999 -999 -999 -999 -999 -999 -999 6.2633590698242 6.536349773407 6.8708782196045 7.1634182929993 7.3884410858154 7.6058769226074 7.9310874938965 8.524188041687 9.2965431213379 10.092693328857 10.870195388794 11.603523254395 12.303863525391 13.018012046814 13.807834625244 14.720915794373 15.769986152649 16.939432144165 18.236490249634 19.685476303101 21.298194885254 22.892446517944 24.015445709229 24.641492843628 25.124250411987 25.668334960938 26.264242172241 26.830715179443 27.314546585083 27.710794448853 28.039611816406 28.29478263855 28.398195266724 28.224973678589 27.720149993896 26.83819770813
7.6457862854004 7.622465133667 7.4067997932434 7.0893335342407 6.7334651947021 6.3610053062439 -999 -999 -999 -999 -999 -999 -999 -999 -999 -999 -999 -999 -999 -999 -999 -999 -999 -999 -999 -999 -999 -999 -999 6.2634658813477 6.4971346855164 6.7644476890564 7.0897350311279 7.4036135673523 7.6799893379211 7.9471664428711 8.3024845123291 8.8920965194702 9.7108058929443 10.61368560791 11.482781410217 12.307423591614 13.114233970642 13.944421768188 14.84952545166 15.861495018005 16.969560623169 18.150932312012 19.423252105713 20.797937393188 22.286487579346 23.788133621216 24.981077194214 25.804864883423 26.419017791748 26.954010009766 27.428583145142 27.804054260254 28.051773071289 28.186664581299 28.262742996216 28.322414398193 28.322019577026 28.150703430176 27.680210113525 26.755178451538
7.4259610176086 7.3644022941589 7.1686840057373 6.8843865394592 -999 -999 -999 -999 -999 -999 -999 -999 -999 -999 -999 -999 -999 -999 -999 -999 -999 -999 -999 -999 -999 -999 -999 -999 -999 -999 6.803617477417 7.0904808044434 7.4164628982544 7.757354259491 8.0967597961426 8.4559564590454 8.9030065536499 9.5184526443481 10.345708847046 11.26176738739 12.160696983337 13.038969993591 13.919749259949 14.83544921875 15.826245307922 16.912130355835 18.070066452026 19.280736923218 20.550218582153 21.887805938721 23.294507980347 24.689085006714 25.899700164795 26.852375030518 27.589653015137 28.164133071899 28.577575683594 28.799154281616 28.812454223633 28.648635864258 28.407644271851 28.220294952393 28.070915222168 27.825508117676 27.323694229126 26.32435798645
7.1896424293518 7.0824599266052 6.890567779541 6.6345934867859 -999 -999 -999 -999 -999 -999 -999 -999 -999 -999 -999 -999 -999 -999 -999 -999 -999 -999 -999 -999 -999 -999 -999 -999 -999 -999 7.1576490402222 7.473274230957 7.8212308883667 8.1979455947876 8.6032724380493 9.0615034103394 9.6229991912842 10.336303710938 11.164358139038 12.00754737854 12.883278846741 13.78507232666 14.717964172363 15.695951461792 16.746938705444 17.890899658203 19.091814041138 20.332738876343 21.613153457642 22.935657501221 24.291334152222 25.624731063843 26.838268280029 27.868509292603 28.706115722656 29.350629806519 29.767009735107 29.894468307495 29.707235336304 29.239284515381 28.613874435425 28.104646682739 27.700786590576 27.226514816284 26.511320114136 25.36474609375
6.9544949531555 6.8009147644043 6.6013436317444 6.3657007217407 -999 -999 -999 -999 -999 -999 -999 -999 -999 -999 -999 -999 -999 -999 -999 -999 -999 -999 -999 -999 -999 6.0602989196777 -999 -999 6.901638507843 7.2097334861755 7.5340957641602 7.8809208869934 8.2584619522095 8.6729927062988 9.1338901519775 9.6647567749023 10.299794197083 11.049318313599 11.866749763489 12.706886291504 13.586269378662 14.516917228699 15.498564720154 16.534776687622 17.63982963562 18.818674087524 20.045213699341 21.302356719971 22.586418151855 23.895753860474 25.22215461731 26.530620574951 27.75647354126 28.844976425171 29.775625228882 30.534805297852 31.049266815186 31.186576843262 30.868255615234 30.130393981934 29.119060516357 28.152345657349 27.314046859741 26.459844589233 25.439224243164 24.131324768066
6.7207708358765 6.5223793983459 6.3109183311462 6.0931596755981 -999 -999 -999 -999 -999 -999 -999 -999 -999 -999 -999 -999 -999 -999 -999 -999 -999 -999 -999 5.7423810958862 6.0159969329834 6.297830581665 6.5901069641113 6.8991808891296 7.2249875068665 7.5642619132996 7.9189043045044 8.2939186096191 8.6984491348267 9.1432514190674 9.6408987045288 10.211533546448 10.875610351563 11.630563735962 12.450726509094 13.315469741821 14.231100082397 15.20877456665 16.246221542358 17.338815689087 18.488906860352 19.692329406738 20.92774772644 22.181102752686 23.450260162354 24.735757827759 26.036966323853 27.334272384644 28.579744338989 29.716857910156 30.734205245972 31.663303375244 32.402050018311 32.705406188965 32.341262817383 31.296367645264 29.837112426758 28.323707580566 26.926412582397 25.598682403564 24.230228424072 22.72904586792
6.4866280555725 6.246036529541 6.0252718925476 -999 -999 -999 -999 -999 -999 -999 -999 -999 -999 -999 -999 -999 -999 -999 -999 -999 -999 5.3608665466309 5.6364364624023 5.9254670143127 6.2258920669556 6.5363841056824 6.8592457771301 7.2001614570618 7.5563669204712 7.9242744445801 8.3047437667847 8.7016954421997 9.125506401062 9.5892448425293 10.106483459473 10.694416999817 11.365905761719 12.124108314514 12.95929145813 13.858233451843 14.820780754089 15.854832649231 16.949373245239 18.091360092163 19.277656555176 20.49835395813 21.730230331421 22.959619522095 24.188999176025 25.428401947021 26.687654495239 27.960529327393 29.21159362793 30.382211685181 31.453371047974 32.587829589844 33.637287139893 34.221988677979 33.855155944824 32.421836853027 30.419193267822 28.338228225708 26.393865585327 24.597440719604 22.876293182373 21.15330696106
6.2599606513977 5.9844965934753 5.7613649368286 -999 -999 -999 -999 -999 -999 -999 -999 -999 -999 -999 -999 -999 -999 -999 -999 -999 -999 5.4807476997375 5.7835078239441 6.1010913848877 6.4320120811462 6.7743630409241 7.1297597885132 7.5020151138306 7.8886981010437 8.2838649749756 8.6859397888184 9.0970945358276 9.5312986373901 10.004293441772 10.529628753662 11.12165927887 11.793291091919 12.558709144592 13.422567367554 14.369539260864 15.380132675171 16.466804504395 17.601083755493 18.775537490845 19.988447189331 21.222318649292 22.442317962646 23.627817153931 24.787893295288 25.94909286499 27.134973526001 28.348533630371 29.558528900146 30.713445663452 31.833173751831 33.129764556885 34.393783569336 35.212657928467 34.852886199951 32.976268768311 30.479085922241 27.928401947021 25.548585891724 23.376977920532 21.365818023682 19.454612731934
6.0762696266174 5.7763900756836 5.5596289634705 -999 -999 -999 -999 -999 -999 -999 -999 -999 -999 -999 -999 -999 -999 -999 -999 -999 5.2803239822388 5.5922150611877 5.9247140884399 6.2739992141724 6.6370687484741 7.0114908218384 7.3984441757202 7.8005666732788 8.2164087295532 8.6380910873413 9.0581521987915 9.4764413833618 9.9132261276245 10.390060424805 10.919225692749 11.509744644165 12.178998947144 12.95618057251 13.865975379944 14.884485244751 15.95507144928 17.057260513306 18.190690994263 19.368408203125 20.597707748413 21.847290039063 23.053880691528 24.176067352295 25.234441757202 26.281677246094 27.362239837646 28.486469268799 29.629919052124 30.766891479492 31.929880142212 33.168838500977 34.320655822754 34.974586486816 34.440078735352 32.43440246582 29.746658325195 26.95241355896 24.308156967163 21.895664215088 19.696359634399 17.665954589844
5.9775438308716 5.6788845062256 -999 -999 -999 -999 -999 -999 -999 -999 -999 -999 -999 -999 -999 -999 -999 -999 -999 5.0448188781738 5.3557767868042 5.699022769928 6.064868927002 6.4473762512207 6.842634677887 7.2478122711182 7.6639671325684 8.0934553146362 8.5349397659302 8.9801731109619 9.4160194396973 9.8356790542603 10.270696640015 10.751948356628 11.287240982056 11.880040168762 12.552613258362 13.349726676941 14.325263977051 15.433148384094 16.540369033813 17.611190795898 18.688301086426 19.832340240479 21.066654205322 22.337167739868 23.537242889404 24.578422546387 25.50638961792 26.413333892822 27.368162155151 28.3874168396 29.454902648926 30.546236038208 31.640804290771 32.675491333008 33.46008682251 33.653942108154 32.833415985107 30.901226043701 28.285289764404 25.45839881897 22.703952789307 20.176578521729 17.889442443848 15.824905395508
5.9763298034668 5.6986527442932 -999 -999 -999 -999 -999 -999 -999 -999 -999 -999 -999 -999 -999 -999 -999 -999 4.7851338386536 5.0818796157837 5.4252734184265 5.8046627044678 6.2067914009094 6.6230869293213 7.0487413406372 7.4815444946289 7.9232587814331 8.3752756118774 8.8350915908813 9.2955646514893 9.7432508468628 10.169101715088 10.607129096985 11.101113319397 11.648898124695 12.255374908447 12.95428943634 13.804262161255 14.872415542603 16.064548492432 17.153577804565 18.108846664429 19.054216384888 20.133247375488 21.345428466797 22.615324020386 23.814151763916 24.763582229614 25.565313339233 26.337480545044 27.161960601807 28.068984985352 29.051733016968 30.065061569214 31.027570724487 31.807691574097 32.186557769775 31.942506790161 30.8668384552 28.944927215576 26.424114227295 23.643821716309 20.875383377075 18.299602508545 15.993307113647 13.972577095032
