all/datos/01-EFM-Pronostico-de-Enero-2021-Lluvia/03_Marzo/GRDS/03_2021_Prp.grd
DSAA
390 228
-118.47924025641 -86.14575974359
14.037283991228 32.871016008772
-999 130.51545715332
[rows 145 to 173 of 228, columns 66 to 131 of 390]
-999 -999 -999 -999 -999 -999 -999 -999 -999 -999 0.44031298160553 0.12579037249088 0.0034744632430375 0 0 0.029942208901048 0.096231870353222 0.12524496018887 0.095403105020523 0.041884332895279 0.012308675795794 -999 -999 -999 -999 -999 -999 -999 -999 -999 -999 -999 -999 -999 -999 -999 -999 -999 -999 -999 -999 -999 -999 -999 0.20851181447506 0.2016274034977 0.3325123488903 0.54282927513123 0.50367093086243 0.38164675235748 0.30247470736504 0.28590846061707 0.28078597784042 0.28352868556976 0.3165237903595 0.39456653594971 0.51650142669678 0.66463595628738 0.79528045654297 0.86958020925522 0.81188243627548 0.30266258120537 0.047154918313026 0 0 0.090853624045849
-999 -999 -999 -999 -999 -999 -999 -999 -999 0.75856876373291 0.34518051147461 0.095567598938942 0 0 0.031119737774134 0.20577490329742 0.4913621544838 0.60169726610184 0.46854168176651 0.21668946743011 -999 -999 -999 -999 -999 -999 -999 -999 -999 -999 -999 -999 -999 -999 -999 -999 -999 -999 -999 -999 -999 -999 -999 -999 -999 0.50614523887634 0.76013457775116 1.5894751548767 1.016792178154 0.62364989519119 0.43496033549309 0.38644114136696 0.34471839666367 0.3146293759346 0.34220868349075 0.44183233380318 0.59504449367523 0.7606954574585 0.86544352769852 0.76682651042938 0.90961056947708 0.44297325611115 0.12941655516624 0.004672278650105 0.04858485609293 0.32626029849052
-999 -999 -999 -999 -999 -999 1.0470763444901 -999 0.88626885414124 0.82131433486938 0.40026316046715 0.13266371190548 0.016170369461179 0.041403260082006 0.17504367232323 0.50094681978226 1.4703823328018 1.7027244567871 1.3620418310165 0.47737860679626 -999 -999 -999 -999 -999 -999 -999 -999 -999 -999 -999 -999 -999 -999 -999 -999 -999 -999 -999 -999 -999 -999 -999 -999 -999 -999 1.1891570091248 1.5939981937408 1.9130882024765 0.84013187885284 0.49627408385277 0.40413737297058 0.30584469437599 0.24809388816357 0.28770822286606 0.43122956156731 0.63810586929321 0.8466574549675 0.99071484804153 1.0598727464676 1.0725700855255 0.84462153911591 0.26242849230766 0.051320925354958 0.07092422991991 0.34763184189796
-999 -999 -999 -999 -999 1.3605797290802 1.3193695545197 1.303405880928 1.1899945735931 0.829893887043 0.50926518440247 0.23150128126144 0.09907503426075 0.24694915115833 0.60296958684921 0.81849175691605 1.2479901313782 1.8558956384659 1.457955121994 0.56358540058136 -999 -999 -999 -999 -999 -999 -999 -999 -999 -999 -999 -999 -999 -999 -999 -999 -999 -999 -999 -999 -999 -999 -999 -999 -999 -999 2.032728433609 2.6420640945435 1.4989484548569 0.65609103441238 0.39846694469452 0.27212110161781 0.15615423023701 0.10224171727896 0.17243763804436 0.37066924571991 0.64289653301239 0.90797293186188 1.0833560228348 1.1457605361938 1.1140148639679 0.91373819112778 0.38114368915558 0.12163200229406 0.066081784665585 0.15644879639149
-999 -999 -999 1.5926283597946 1.4333231449127 1.3822885751724 1.3955255746841 1.4219092130661 1.3710043430328 1.1543267965317 0.69275683164597 0.36235994100571 0.23699255287647 0.5801323056221 1.6423738002777 1.370525598526 1.8416016101837 1.6347439289093 0.83914703130722 -999 -999 -999 -999 -999 -999 -999 -999 -999 -999 -999 -999 -999 -999 -999 -999 -999 -999 -999 -999 -999 -999 -999 -999 -999 -999 -999 3.5576875209808 3.2880308628082 1.5283725261688 0.61743575334549 0.26907721161842 0.11263913661242 0.030158676207066 0.015198634937406 0.07763797044754 0.28385528922081 0.60018521547318 0.90759384632111 1.0874631404877 1.0982172489166 1.0214700698853 0.86415153741837 0.61763149499893 0.26316010951996 0.1436013430357 0.058107607066631
-999 -999 1.8806751966476 1.5385618209839 1.4157787561417 1.3878862857819 1.410372376442 1.4609450101852 1.4648512601852 1.3322061300278 1.0214333534241 0.53683012723923 0.37091436982155 0.7954341173172 2.0866231918335 2.3033289909363 2.0054543018341 1.0542359352112 0.60523235797882 -999 -999 -999 -999 -999 -999 -999 -999 -999 -999 -999 -999 -999 -999 -999 -999 -999 -999 -999 -999 -999 -999 -999 -999 -999 -999 -999 4.2113800048828 3.6780829429626 1.6289322376251 0.58943158388138 0.17733179032803 0.010616299696267 0 0 0.028233170509338 0.18166382610798 0.50996536016464 0.80097711086273 0.95755332708359 0.95431065559387 0.86282593011856 0.73104113340378 0.58445316553116 0.47858312726021 0.42443233728409 0.058431427925825
4.0446977615356 2.7480728626251 1.918984413147 1.5460721254349 1.44178211689 1.4229927062988 1.4378840923309 1.4771292209625 1.4934414625168 1.3905366659164 1.1423835754395 0.78663009405136 0.47111490368843 0.87891721725464 2.1819145679474 -999 -999 1.1196972131729 -999 -999 -999 -999 -999 -999 -999 -999 -999 -999 -999 -999 -999 -999 -999 -999 -999 -999 -999 -999 -999 -999 -999 -999 -999 -999 -999 3.9448843002319 4.4163479804993 3.8885869979858 1.7890539169312 0.6588322520256 0.16498324275017 0 0 0 0.011329738423228 0.15889273583889 0.41566368937492 0.65099465847015 0.77736192941666 0.78446155786514 0.72445976734161 0.64542669057846 0.5541867017746 0.44705101847649 0.21767088770866 0.075725130736828
4.1966166496277 3.3761296272278 2.0020356178284 1.5732884407043 1.4955199956894 1.4931770563126 1.4826689958572 1.464213848114 1.4367837905884 1.3202657699585 1.0916635990143 0.77011322975159 0.50514113903046 0.93255740404129 2.1406109333038 -999 2.1849253177643 1.717006444931 -999 -999 -999 -999 -999 -999 -999 -999 -999 -999 -999 -999 -999 -999 -999 -999 -999 -999 -999 -999 -999 -999 -999 -999 -999 -999 2.1202971935272 3.4460248947144 4.0595469474792 3.9840767383575 2.2538361549377 1.0127367973328 0.31235218048096 0.022534172981977 0 0 0.0063360081985593 0.13418738543987 0.33779439330101 0.52245247364044 0.62380963563919 0.65861260890961 0.70361697673798 0.832534968853 0.94822686910629 0.8902599811554 0.5829364657402 0.49401631951332
3.6494839191437 2.5039553642273 1.8316992521286 1.5772190093994 1.5739569664001 1.5977827310562 1.5462348461151 1.4247536659241 1.2978384494781 1.1260974407196 0.90690273046494 0.52157741785049 0.52708828449249 1.1651660203934 -999 2.3488805294037 2.2007749080658 -999 -999 -999 -999 -999 -999 -999 -999 -999 -999 -999 -999 -999 -999 -999 -999 -999 -999 -999 -999 -999 -999 0.78723323345184 0.94067507982254 1.0760062932968 -999 1.2775616645813 1.5375539064407 2.030971288681 2.6106159687042 3.7766819000244 3.6692492961884 1.8467466831207 0.7027360200882 0.1619469076395 0.0032101252581924 0 0.016154145821929 0.11347422748804 0.27067616581917 0.4189994931221 0.50935280323029 0.59177994728088 0.85260421037674 1.5979676246643 2.49684715271 2.3956308364868 2.3779046535492 1.8866256475449
2.3688538074493 1.9841817617416 1.6931713819504 1.6099102497101 1.6724959611893 1.7040379047394 1.5945110321045 1.3596884012222 1.106650352478 0.7305012345314 0.66067141294479 0.37475565075874 0.54595220088959 1.5238441228867 -999 2.2023184299469 -999 -999 -999 -999 -999 -999 -999 -999 -999 -999 -999 -999 -999 -999 -999 -999 -999 -999 -999 -999 -999 -999 -999 0.80905020236969 0.95691639184952 1.0761194229126 1.1013807058334 1.1198178529739 1.2201972007751 1.4173899888992 1.7634356021881 2.4749286174774 3.8041188716888 3.2936000823975 1.1607104539871 0.36845901608467 0.13329944014549 0.078862369060516 0.079249642789364 0.11891873925924 0.21023687720299 0.33943602442741 0.43165472149849 0.54074168205261 1.0429110527039 2.8791525363922 6.9692149162292 6.0406408309937 7.7820920944214 4.3830537796021
1.9577816724777 1.8285573720932 1.7312778234482 1.7107621431351 1.7144401073456 1.6531686782837 1.4862457513809 0.98079115152359 0.72353714704514 0.47576427459717 0.31999388337135 0.2482828348875 0.45142525434494 -999 -999 -999 -999 -999 -999 -999 -999 -999 -999 -999 -999 -999 -999 -999 -999 -999 -999 -999 -999 -999 -999 -999 -999 -999 0.77060341835022 0.96230059862137 1.089498758316 1.1312954425812 1.1131516695023 1.0918159484863 1.1395691633224 1.2283945083618 1.4157758951187 1.9725486040115 2.7516963481903 2.5117492675781 1.3367062807083 0.58303952217102 0.33604660630226 0.26480421423912 0.23147182166576 0.21311540901661 0.24169540405273 0.33963885903358 0.39497780799866 0.44221639633179 0.9434267282486 3.4965288639069 9.4817953109741 11.464484214783 10.731824874878 5.8110785484314
1.946090221405 1.8921898603439 1.8452941179276 1.7949441671371 1.637344956398 1.1754336357117 1.184700012207 0.76048934459686 0.74365055561066 0.36687377095222 0.22274126112461 0.2169896364212 0.40399807691574 -999 -999 -999 -999 -999 -999 -999 -999 -999 -999 -999 -999 -999 -999 -999 -999 -999 -999 -999 -999 -999 -999 -999 -999 0.74461078643799 1.0112113952637 1.4558292627335 1.5567841529846 1.2971225976944 1.2015297412872 1.169929265976 1.2164027690887 1.3133540153503 1.426452755928 2.1048576831818 4.0452785491943 3.8127617835999 1.5976601839066 0.82142919301987 0.60879862308502 0.54773658514023 0.49584230780602 0.41566500067711 0.3511823117733 0.3620377779007 0.34523269534111 0.19956991076469 0.81963646411896 3.5689306259155 10.125495910645 12.703419685364 11.843766212463 6.5446619987488
2.0387885570526 2.0027341842651 1.9509844779968 1.8577475547791 1.6057996749878 0.99314171075821 0.72623193264008 0.56841647624969 0.48105505108833 0.34673348069191 0.28558254241943 0.33269822597504 0.50285530090332 -999 -999 -999 -999 -999 -999 -999 -999 -999 -999 -999 -999 -999 -999 -999 -999 -999 -999 -999 -999 -999 -999 -999 0.73565429449081 1.0020086765289 1.4682883024216 1.7201777696609 1.7706472873688 1.480250120163 1.3551958799362 1.3254053592682 1.4453780651093 1.7982600927353 1.5626358985901 2.0232429504395 3.7303783893585 2.4030628204346 1.4799264669418 1.0549236536026 0.95019441843033 0.92405104637146 0.87232404947281 0.71486222743988 0.34093633294106 0.21386687457561 0.17768122255802 0.1186264231801 0.65742039680481 2.9092397689819 8.4135255813599 10.585225105286 10.529815673828 8.9776706695557
2.1233849525452 2.0838484764099 2.0260813236237 1.951519370079 1.7865270376205 1.2671175003052 0.86851620674133 0.72057837247849 0.72600084543228 0.60273116827011 0.56130278110504 -999 -999 -999 -999 -999 -999 -999 -999 -999 -999 -999 -999 -999 -999 -999 -999 -999 -999 -999 -999 -999 -999 0.64942753314972 0.59906351566315 0.726342856884 1.013844370842 1.4843335151672 1.7024244070053 1.8154852390289 1.8550729751587 1.8263025283813 1.7742484807968 1.5840746164322 1.9058775901794 1.976665854454 1.759446144104 1.4983100891113 1.7637895345688 1.5995318889618 1.3769307136536 1.321502327919 1.3482875823975 1.3710887432098 1.3388969898224 1.1477109193802 0.57395714521408 0.31218454241753 0.50563442707062 0.17737264931202 0.53112089633942 2.0417883396149 3.2635102272034 4.215989112854 4.3598566055298 3.8764414787292
2.1838088035583 2.1349093914032 2.1045229434967 2.1583721637726 2.2969505786896 2.5047767162323 1.5933388471603 1.4130047559738 1.835871219635 1.2398014068604 -999 -999 -999 -999 -999 -999 -999 -999 -999 -999 -999 -999 -999 -999 -999 -999 -999 -999 -999 -999 -999 -999 1.2619984149933 1.0586173534393 0.86963987350464 0.98494237661362 1.4704148769379 1.7194639444351 1.7864567041397 1.7948045730591 1.8143105506897 1.8586359024048 1.9176380634308 1.9682215452194 1.9791502952576 1.7108069658279 0.97739607095718 0.94877171516418 1.0865424871445 1.2339251041412 1.3894680738449 1.5863589048386 1.7432152032852 1.8397278785706 1.8493584394455 1.6789722442627 1.2387094497681 0.52023029327393 0.36341160535812 0.35141959786415 0.62385433912277 1.2105935811996 1.7457355260849 2.0638947486877 2.1115968227386 1.9158765077591
2.2445838451385 2.204977273941 2.2523930072784 2.5317640304565 3.162403345108 3.1708219051361 2.8496420383453 2.6504399776459 2.549008846283 2.2361958026886 -999 -999 -999 -999 -999 -999 -999 -999 -999 -999 -999 -999 -999 -999 -999 -999 -999 -999 -999 2.9309864044189 -999 2.0274567604065 2.4492723941803 2.2612371444702 1.3132307529449 1.3119792938232 1.4886684417725 1.6664110422134 1.6758935451508 1.6442135572433 1.6429795026779 1.6761325597763 1.739999294281 1.8193299770355 1.6051385402679 0.80899369716644 0.44944494962692 0.44602078199387 0.63510298728943 0.89380377531052 1.1990194320679 1.6741816997528 1.9826437234879 2.2656862735748 2.3626821041107 2.1669366359711 1.4127887487411 0.99238437414169 0.87584602832794 0.95235657691956 1.2123608589172 1.6400353908539 2.0333776473999 2.2030737400055 2.156436920166 1.9717924594879
2.3156116008759 2.2899453639984 2.4008450508118 3.0757112503052 3.3994266986847 3.3760299682617 3.2041974067688 3.0408847332001 2.8643255233765 -999 -999 -999 -999 -999 -999 -999 -999 -999 -999 -999 -999 -999 -999 -999 -999 -999 -999 -999 -999 -999 3.0540494918823 2.8699612617493 2.9693350791931 2.7233500480652 1.7050168514252 1.0231745243073 0.93569821119308 1.2819108963013 1.281033039093 1.2434915304184 1.2399394512177 1.2561538219452 1.0601080656052 1.2978528738022 0.66731876134872 0.28187277913094 0.13007725775242 0.2246645539999 0.47802919149399 0.83092319965363 1.2397788763046 1.4331670999527 1.8790078163147 2.7300481796265 2.926424741745 2.7614142894745 2.0532917976379 1.759425163269 1.7173546552658 1.8050165176392 2.0508143901825 2.517914056778 2.9409019947052 3.0506925582886 2.9110989570618 2.661336183548
2.3716104030609 2.335967540741 2.3396017551422 2.5694055557251 3.1867470741272 3.3381516933441 3.2693333625793 3.1309802532196 2.9668700695038 -999 -999 -999 -999 -999 -999 -999 -999 -999 -999 -999 -999 -999 -999 -999 -999 -999 -999 -999 -999 -999 2.9903984069824 2.4375846385956 2.7784638404846 2.5310111045837 1.4143532514572 1.4848247766495 1.050985455513 0.69831502437592 0.48262134194374 0.40921112895012 0.41891571879387 0.52047854661942 0.8896609544754 0.48143789172173 0.20685935020447 0.037885546684265 0.0011006579734385 0.11179476231337 0.39269775152206 0.80622971057892 1.4366363286972 2.4593303203583 3.0580363273621 3.4293773174286 3.5918853282928 3.5220577716827 3.0202269554138 2.8828685283661 2.856454372406 2.8396780490875 3.0367116928101 3.4853496551514 3.9154822826385 3.921891450882 3.6988966464996 3.3994197845459
2.3627014160156 2.3107461929321 2.2195703983307 2.2478232383728 2.5393180847168 3.17826628685 3.2522709369659 3.1485476493835 -999 -999 -999 -999 -999 -999 -999 -999 -999 -999 -999 -999 -999 -999 -999 -999 -999 -999 -999 -999 -999 -999 3.0564985275269 2.7761750221252 2.4619042873383 1.4224572181702 1.2121263742447 2.1299085617065 2.1025185585022 0.73576813936234 0.19537295401096 0.052688341587782 0.055951625108719 0.14306738972664 0.23999089002609 0.16065393388271 0.038160473108292 0 0 0.038994297385216 0.27986046671867 0.66374003887177 1.4156851768494 2.7857639789581 3.5949692726135 3.9905972480774 4.2087745666504 4.33997631073 4.4057021141052 4.486930847168 4.4287986755371 3.9186356067657 3.966737985611 4.2886128425598 4.5640077590942 4.5513963699341 4.3238611221313 4.0334753990173
2.2964186668396 2.223876953125 2.1180648803711 2.0907230377197 2.322847366333 3.0110723972321 -999 -999 -999 -999 -999 -999 -999 -999 -999 -999 -999 -999 -999 -999 -999 -999 -999 -999 -999 -999 -999 -999 -999 1.9377871751785 2.4291424751282 1.5687838792801 1.1215596199036 0.79862076044083 0.82537752389908 1.2775995731354 1.9685469865799 0.6736598610878 0.111870855093 0 0 0.058567754924297 0.19265592098236 0.20171168446541 0.082928657531738 0 0 0 0.1451507806778 0.28750902414322 0.87955051660538 2.5080223083496 3.6395955085754 4.2883539199829 4.6711897850037 4.9803166389465 5.2467751502991 5.395565032959 5.2750964164734 4.7313060760498 4.7142639160156 4.910710811615 5.0603942871094 5.0231609344482 4.8295888900757 4.6001567840576
2.2186048030853 2.1302716732025 2.0346114635468 2.0251269340515 -999 -999 -999 -999 -999 -999 -999 -999 -999 -999 -999 -999 -999 -999 -999 -999 -999 -999 -999 -999 -999 -999 -999 -999 -999 -999 1.2082607746124 0.91754245758057 0.55431807041168 0.51430076360703 0.57787692546844 0.79806941747665 0.87921106815338 0.43385118246078 0.077366814017296 0 0 0.17307968437672 0.61096757650375 0.69447547197342 0.32289347052574 0.06797880679369 0 0 0.095089979469776 0.17831355333328 0.57540768384933 1.5859206914902 3.5013642311096 4.4590401649475 5.0032811164856 5.4278483390808 5.7380571365356 5.8051867485046 5.4264154434204 5.2901473045349 5.3217725753784 5.4441847801208 5.5262966156006 5.4948415756226 5.3740220069885 5.266101360321
2.1467933654785 2.0448474884033 1.9591624736786 1.9651057720184 -999 -999 -999 -999 -999 -999 -999 -999 -999 -999 -999 -999 -999 -999 -999 -999 -999 -999 -999 -999 -999 -999 -999 -999 -999 -999 0.97195380926132 0.83700168132782 0.68823206424713 0.46931093931198 0.50130391120911 0.73924052715302 0.75047296285629 0.53442794084549 0.16015310585499 0.044780362397432 0.10646500438452 0.37958627939224 0.98535007238388 1.1084980964661 0.79595267772675 0.18065567314625 0 0 0.17437914013863 0.56071048974991 1.024866938591 1.8814028501511 3.740318775177 4.7163939476013 5.3068237304688 5.7906064987183 6.1020584106445 5.91361951828 5.9409728050232 5.9174814224243 5.9239444732666 5.9823999404907 6.0386905670166 6.0818066596985 6.1462998390198 6.2998886108398
2.0870192050934 1.9719616174698 1.8937501907349 1.9114925861359 -999 -999 -999 -999 -999 -999 -999 -999 -999 -999 -999 -999 -999 -999 -999 -999 -999 -999 -999 -999 -999 4.0031390190125 -999 -999 1.4760620594025 1.17416203022 1.0721008777618 1.0340032577515 0.99336063861847 0.9448909163475 0.96087735891342 1.0251457691193 1.0191094875336 0.8492665886879 0.43996047973633 0.40654391050339 0.5313206911087 0.81563895940781 1.4368448257446 1.4906498193741 0.82132160663605 0.26888933777809 0 0.024420397356153 0.47334298491478 1.8046154975891 2.6815075874329 3.6011116504669 4.6704254150391 5.3791751861572 5.7772526741028 6.2169218063354 6.6502838134766 6.6873393058777 7.1129884719849 6.8483653068542 6.7506294250488 6.6965179443359 6.7032308578491 6.9072728157043 7.3249855041504 7.7764439582825
2.0448617935181 1.9194172620773 1.8537231683731 1.8956278562546 -999 -999 -999 -999 -999 -999 -999 -999 -999 -999 -999 -999 -999 -999 -999 -999 -999 -999 -999 3.0327332019806 4.1636681556702 4.3091883659363 3.5623872280121 2.0318026542664 1.4412966966629 1.2782003879547 1.268905043602 1.2952417135239 1.3195567131042 1.3392559289932 1.3708684444427 1.4124153852463 1.4253368377686 1.3314204216003 1.0224187374115 1.3610270023346 1.5848054885864 1.8092074394226 2.0304763317108 2.004016160965 1.5303562879562 0.49401959776878 0.10146082937717 0.11758561432362 0.62047523260117 2.2025170326233 3.5368573665619 5.0513672828674 6.7135949134827 7.1908774375916 6.7352156639099 6.8552041053772 7.5568909645081 8.3212852478027 8.4650831222534 8.4582824707031 8.2910060882568 7.987729549408 7.7259702682495 8.0916728973389 9.3212919235229 9.7083158493042
2.0387334823608 1.9003984928131 1.8537584543228 -999 -999 -999 -999 -999 -999 -999 -999 -999 -999 -999 -999 -999 -999 -999 -999 -999 -999 1.8217697143555 2.9392876625061 3.6774852275848 4.4182677268982 4.3316259384155 2.7776355743408 1.846832036972 1.4875464439392 1.438916683197 1.4892234802246 1.5554721355438 1.6149137020111 1.6689946651459 1.7265075445175 1.7929244041443 1.8584764003754 1.9009962081909 1.9588656425476 2.1500825881958 2.3488211631775 2.4921505451202 2.5634770393372 2.4664015769958 1.9666870832443 0.79264682531357 0.37017664313316 0.41941192746162 0.71129506826401 1.7051666975021 3.9108979701996 6.4566082954407 11.12802028656 11.208850860596 7.8976349830627 7.7701253890991 8.7750673294067 10.670766830444 11.421144485474 11.472594261169 11.154615402222 10.473505020142 9.1249160766602 9.7472257614136 10.142632484436 10.208039283752
2.0873596668243 1.9258804321289 1.8955845832825 -999 -999 -999 -999 -999 -999 -999 -999 -999 -999 -999 -999 -999 -999 -999 -999 -999 -999 1.4608350992203 1.9923961162567 2.8896811008453 4.437602519989 4.4211935997009 2.7273576259613 1.8774657249451 1.6165908575058 1.6208844184875 1.7056844234467 1.7989966869354 1.8836699724197 1.9621577262878 2.0452506542206 2.1423695087433 2.2575018405914 2.3911235332489 2.551394701004 2.7389299869537 2.9019148349762 2.9580099582672 2.8919236660004 2.7165970802307 2.1648592948914 1.0890114307404 0.78568422794342 1.282485127449 1.106626033783 1.9935864210129 4.1603755950928 6.6602010726929 10.945852279663 8.8409461975098 8.0343236923218 9.2735757827759 10.047585487366 12.039874076843 12.873432159424 12.820874214172 12.341689109802 11.550536155701 10.538500785828 10.247663497925 10.175755500793 10.02050113678
2.1751120090485 2.0090913772583 2.011786699295 -999 -999 -999 -999 -999 -999 -999 -999 -999 -999 -999 -999 -999 -999 -999 -999 -999 1.1656996011734 1.2869056463242 1.7679530382156 2.8229999542236 4.5550312995911 4.7294487953186 3.1735243797302 2.1962888240814 1.828791975975 1.8131951093674 1.9084484577179 2.0227003097534 2.128918170929 2.2271568775177 2.3301804065704 2.4507122039795 2.5989849567413 2.7777144908905 2.9791877269745 3.1827170848846 3.3327186107635 3.2936344146729 2.8494067192078 2.7160303592682 1.8812561035156 1.2615159749985 1.0099635124207 1.1052228212357 1.4791611433029 2.8787016868591 4.344090461731 5.9150629043579 7.2672581672668 7.4260730743408 7.9294452667236 9.916823387146 11.467440605164 12.676013946533 13.19482421875 12.987564086914 12.413779258728 11.603601455688 10.578461647034 10.046960830688 9.7739610671997 9.5557174682617
2.299928188324 2.1740624904633 -999 -999 -999 -999 -999 -999 -999 -999 -999 -999 -999 -999 -999 -999 -999 -999 -999 1.1555300951004 1.11589884758 1.2721226215363 1.8172283172607 3.39302110672 4.477481842041 4.9845185279846 4.4164772033691 2.6852405071259 2.0964019298553 2.0212473869324 2.1034638881683 2.2278678417206 2.3506667613983 2.4626529216766 2.5755798816681 2.7069888114929 2.872278213501 3.0766007900238 3.302618265152 3.5221362113953 3.683819770813 3.6422402858734 3.1184930801392 2.5701801776886 1.9724682569504 1.5104478597641 1.2800048589706 1.3259885311127 1.7499508857727 2.742219209671 4.4701733589172 5.7392907142639 6.6770997047424 7.2003440856934 8.0993041992188 9.7215728759766 11.76270198822 12.641445159912 12.832628250122 12.531308174133 11.936631202698 11.143974304199 10.126636505127 9.505163192749 9.1645526885986 8.958459854126
2.4675145149231 2.4061555862427 -999 -999 -999 -999 -999 -999 -999 -999 -999 -999 -999 -999 -999 -999 -999 -999 1.373922586441 1.1154656410217 1.1194356679916 1.2720490694046 1.639106631279 2.2888281345367 3.0941827297211 4.4757413864136 4.4577741622925 2.9497027397156 2.4441998004913 2.3105223178864 2.3286917209625 2.4314761161804 2.5533063411713 2.6652240753174 2.7759163379669 2.9015665054321 3.0628459453583 3.273722410202 3.5148961544037 3.7451214790344 3.9152655601501 3.9330129623413 3.6458957195282 2.9043800830841 2.3511462211609 2.039546251297 1.881995677948 1.9453632831573 2.3464586734772 3.1788184642792 4.7865958213806 6.2882623672485 7.8039407730103 7.8694062232971 8.8369560241699 10.758198738098 11.855620384216 12.279738426208 12.218286514282 11.83240032196 11.236523628235 10.498217582703 9.6626071929932 8.81760597229 8.4150533676147 8.2427930831909
