all/datos/01-EFM-Pronostico-de-Enero-2021-Lluvia/03_Marzo/GRDS/03_2021_Prp.grd
DSAA
390 228
-118.47924025641 -86.14575974359
14.037283991228 32.871016008772
-999 130.51545715332
[rows 58 to 86 of 228, columns 132 to 197 of 390]
-999 -999 -999 -999 -999 -999 -999 -999 -999 -999 -999 -999 -999 -999 -999 -999 -999 -999 -999 -999 -999 -999 -999 -999 -999 -999 -999 -999 -999 -999 -999 -999 -999 -999 -999 -999 -999 -999 -999 -999 -999 -999 -999 -999 4.2802782058716 4.3780918121338 4.2629332542419 4.1447739601135 4.6800031661987 5.5863208770752 6.3207445144653 6.8408312797546 7.2271323204041 7.4819293022156 7.5827965736389 7.5458517074585 7.3581604957581 6.650041103363 6.2146100997925 5.871898651123 5.5343308448792 5.2537431716919 5.1392431259155 5.5513072013855 6.0448708534241 6.3659567832947
-999 -999 -999 -999 -999 -999 -999 -999 -999 -999 -999 -999 -999 -999 -999 -999 -999 -999 -999 -999 -999 -999 -999 -999 -999 -999 -999 -999 -999 -999 -999 -999 -999 -999 -999 -999 -999 -999 -999 -999 -999 -999 3.540666103363 3.8748488426208 4.7317795753479 4.5827903747559 3.1736423969269 2.9001240730286 3.4778709411621 5.438925743103 6.3904013633728 6.9303197860718 7.3110108375549 7.6003603935242 7.8049364089966 7.8994626998901 7.7621817588806 7.1391115188599 6.691285610199 6.2535634040833 5.8062443733215 5.5141215324402 5.7769842147827 5.9879612922668 6.1968150138855 6.2931370735168
-999 -999 -999 -999 -999 -999 -999 -999 -999 -999 -999 -999 -999 -999 -999 -999 -999 -999 -999 -999 -999 -999 -999 -999 -999 -999 -999 -999 -999 -999 -999 -999 -999 -999 -999 -999 -999 -999 -999 -999 5.1459546089172 4.7186923027039 3.5565719604492 4.6214036941528 5.0423336029053 4.8903937339783 4.4346098899841 4.326771736145 4.7915120124817 5.7301721572876 6.5012245178223 7.0105299949646 7.393054485321 7.708619594574 7.9656491279602 8.1465730667114 8.1713256835938 7.9697427749634 7.6022553443909 7.0943574905396 6.5126328468323 6.0254368782043 5.8203258514404 5.8724670410156 6.0326972007751 6.1579394340515
-999 -999 -999 -999 -999 -999 -999 -999 -999 -999 -999 -999 -999 -999 -999 -999 -999 -999 -999 -999 -999 -999 -999 -999 -999 -999 -999 -999 -999 -999 -999 -999 -999 -999 -999 -999 -999 -999 -999 5.7417106628418 5.7554879188538 5.6417713165283 5.4026141166687 5.4821996688843 5.5029625892639 5.3117260932922 5.1076622009277 5.1467175483704 5.5177116394043 6.0950899124146 6.6585459709167 7.118109703064 7.4965891838074 7.8237662315369 8.1121301651001 8.3568525314331 8.5095987319946 8.4695777893066 8.1415758132935 7.5510749816895 6.8289957046509 6.142822265625 5.6989812850952 5.7042326927185 5.9165382385254 6.1478095054626
-999 -999 -999 -999 -999 -999 -999 -999 -999 -999 -999 -999 -999 -999 -999 -999 -999 -999 -999 -999 -999 -999 -999 -999 -999 -999 -999 -999 -999 -999 -999 -999 -999 -999 -999 6.9144430160522 6.7860956192017 6.5879940986633 6.3952379226685 6.3279309272766 6.4588479995728 6.5574021339417 6.4789729118347 6.3279705047607 6.1027426719666 5.7560720443726 5.5043659210205 5.5696239471436 5.923463344574 6.3906035423279 6.8525543212891 7.2607002258301 7.6179509162903 7.9410767555237 8.2440805435181 8.5302581787109 8.7714223861694 8.8334665298462 8.4956970214844 7.8268189430237 7.0427465438843 6.3233122825623 5.8557147979736 5.827365398407 6.0521516799927 6.3298444747925
-999 -999 -999 -999 -999 -999 -999 -999 -999 -999 -999 -999 -999 -999 -999 -999 -999 -999 -999 -999 -999 -999 -999 -999 -999 -999 -999 -999 -999 -999 -999 -999 -999 7.2267622947693 7.2851624488831 7.307053565979 7.2528319358826 7.1517100334167 7.0790247917175 7.0785636901855 7.2183933258057 7.3461875915527 7.2898321151733 7.0473318099976 6.6557688713074 6.180775642395 5.8609433174133 5.9382300376892 6.2937269210815 6.7050352096558 7.0891041755676 7.4323534965515 7.7453966140747 8.0428953170776 8.3379735946655 8.6361875534058 8.9191436767578 9.0600805282593 8.6685123443604 7.9897599220276 7.2666091918945 6.6650342941284 6.3140845298767 6.2840414047241 6.4709701538086 6.7220549583435
-999 -999 -999 -999 -999 -999 -999 -999 -999 -999 -999 -999 -999 -999 -999 -999 -999 -999 -999 -999 -999 -999 -999 -999 -999 -999 -999 -999 -999 -999 -999 7.2420988082886 7.3494162559509 7.4492554664612 7.5404801368713 7.6132373809814 7.6537437438965 7.6839199066162 7.7403035163879 7.8312983512878 7.9766263961792 8.082633972168 8.0226354598999 7.7244353294373 7.2162108421326 6.6882734298706 6.3971409797668 6.5071015357971 6.7942395210266 7.0968866348267 7.3681502342224 7.6161413192749 7.8579559326172 8.1047077178955 8.3621578216553 8.6231927871704 8.8438262939453 8.8764333724976 8.5483407974243 7.992742061615 7.4404435157776 7.0382766723633 6.8519449234009 6.8873248100281 7.0725169181824 7.2966260910034
-999 -999 -999 -999 -999 -999 -999 -999 -999 -999 -999 -999 -999 -999 -999 -999 -999 -999 -999 -999 -999 -999 -999 -999 -999 -999 -999 -999 -999 -999 -999 7.3691010475159 7.4871745109558 7.6033864021301 7.722288608551 7.8412222862244 7.9610862731934 8.0939502716064 8.2547702789307 8.4455623626709 8.6370649337769 8.7424259185791 8.6803941726685 8.3969602584839 7.8919072151184 7.384138584137 7.1356506347656 7.2258596420288 7.3957929611206 7.5337991714478 7.6519870758057 7.7782897949219 7.9284744262695 8.1061668395996 8.3030853271484 8.4924631118774 8.6132831573486 8.5644187927246 8.2828302383423 7.8698196411133 7.5210843086243 7.3467350006104 7.3469390869141 7.4924969673157 7.7283573150635 7.9684357643127
-999 -999 -999 -999 -999 -999 -999 -999 -999 -999 -999 -999 -999 -999 -999 -999 -999 -999 -999 -999 -999 -999 -999 -999 -999 -999 -999 -999 -999 -999 7.3139424324036 7.4439082145691 7.570659160614 7.7025966644287 7.8438520431519 7.9968347549438 8.1655359268188 8.3572616577148 8.5832538604736 8.8419361114502 9.0815000534058 9.1759595870972 9.0844211578369 8.8441705703735 8.4381704330444 8.0624980926514 7.9119110107422 7.9532418251038 7.9669337272644 7.9148421287537 7.8700494766235 7.8732886314392 7.9320378303528 8.039605140686 8.1770839691162 8.3059558868408 8.3638153076172 8.283182144165 8.0408086776733 7.7279849052429 7.5517544746399 7.5900979042053 7.767550945282 8.034049987793 8.3382081985474 8.6019649505615
-999 -999 -999 -999 -999 -999 -999 -999 -999 -999 -999 -999 -999 -999 -999 -999 -999 -999 -999 -999 -999 -999 -999 -999 -999 -999 -999 -999 -999 7.1939406394958 7.3346610069275 7.4718208312988 7.6097922325134 7.7548561096191 7.9106020927429 8.0799398422241 8.26331615448 8.4658031463623 8.6946315765381 8.9455060958862 9.1677360534668 9.2218837738037 9.0969066619873 8.8872213363647 8.6315517425537 8.4365673065186 8.3988170623779 8.4509859085083 8.3194484710693 8.1121950149536 7.9472179412842 7.8616247177124 7.8530592918396 7.9080185890198 8.0082750320435 8.1133832931519 8.1626453399658 8.1046667098999 7.9267611503601 7.7070932388306 7.6350178718567 7.8099737167358 8.1264801025391 8.4999322891235 8.8644399642944 9.1348628997803
-999 -999 -999 -999 -999 -999 -999 -999 -999 -999 -999 -999 -999 -999 -999 -999 -999 -999 -999 -999 -999 -999 -999 -999 -999 -999 -999 -999 7.0444421768188 7.173574924469 7.3154635429382 7.462616443634 7.612687587738 7.7667164802551 7.927453994751 8.0935859680176 8.2626676559448 8.4326705932617 8.601019859314 8.7565116882324 8.8593683242798 8.849967956543 8.7411918640137 8.6024551391602 8.478199005127 8.4128150939941 8.4246387481689 8.4274778366089 8.2752933502197 8.03977394104 7.8444199562073 7.7302203178406 7.6947917938232 7.725387096405 7.8175230026245 7.9345746040344 8.0175838470459 8.0280199050903 7.9509449005127 7.827693939209 7.8128728866577 8.0540685653687 8.4512500762939 8.8785982131958 9.2469320297241 9.4544725418091
-999 -999 -999 -999 -999 -999 -999 -999 -999 -999 -999 -999 -999 -999 -999 -999 -999 -999 -999 -999 -999 -999 -999 -999 -999 -999 -999 6.8988103866577 6.9963545799255 7.1125731468201 7.2519087791443 7.4148163795471 7.5839958190918 7.7465734481812 7.9018950462341 8.0500907897949 8.186053276062 8.2977056503296 8.3696174621582 8.3884029388428 8.3443803787231 8.2492790222168 8.1521778106689 8.0936365127563 8.0723905563354 8.0799980163574 8.0969362258911 8.0650491714478 7.9335041046143 7.7464408874512 7.5873923301697 7.4985547065735 7.4794979095459 7.5205965042114 7.6256680488586 7.7641644477844 7.8893718719482 7.9838390350342 8.031777381897 8.0237789154053 8.0666904449463 8.3191061019897 8.7068319320679 9.1002941131592 9.3508024215698 9.2693176269531
-999 -999 -999 -999 -999 -999 -999 -999 -999 -999 -999 -999 -999 -999 -999 -999 -999 -999 -999 -999 -999 -999 -999 -999 -999 -999 6.7773299217224 6.8513107299805 6.9079537391663 6.9545383453369 7.0541682243347 7.2731895446777 7.5136570930481 7.7005071640015 7.8452100753784 7.9659566879272 8.0608062744141 8.1091165542603 8.0809278488159 7.9628601074219 7.7761464118958 7.581316947937 7.4787178039551 7.4899897575378 7.5432634353638 7.5906648635864 7.6057448387146 7.5632944107056 7.4603185653687 7.3348913192749 7.238383769989 7.2025833129883 7.2252163887024 7.3002305030823 7.423629283905 7.5674071311951 7.7043476104736 7.8511142730713 8.0117683410645 8.1269798278809 8.2366504669189 8.464542388916 8.8026304244995 9.1011724472046 9.0853233337402 8.4500246047974
-999 -999 -999 -999 -999 -999 -999 -999 -999 -999 -999 -999 -999 -999 -999 -999 -999 -999 -999 -999 -999 -999 -999 -999 -999 -999 6.7515363693237 6.7798752784729 6.7229533195496 6.5109910964966 6.3758544921875 6.8777208328247 7.3782200813293 7.636390209198 7.7709465026855 7.8566555976868 7.9065957069397 7.8985261917114 7.7891621589661 7.5624656677246 7.2763767242432 7.0032515525818 6.8852653503418 6.934944152832 7.0172324180603 7.0732960700989 7.0808672904968 7.0340209007263 6.9523119926453 6.8802971839905 6.8513650894165 6.8704490661621 6.9324922561646 7.0321226119995 7.1607203483582 7.2887721061707 7.3847899436951 7.5146656036377 7.7080392837524 7.9109239578247 8.0782823562622 8.3071985244751 8.6382293701172 8.8941078186035 8.7118844985962 7.2237524986267
-999 -999 -999 -999 -999 -999 -999 -999 -999 -999 -999 -999 -999 -999 -999 -999 -999 -999 -999 -999 -999 -999 -999 -999 -999 6.6144151687622 6.6834011077881 6.6031174659729 6.3163595199585 5.6376781463623 4.2506718635559 6.2131237983704 7.206440448761 7.5728950500488 7.6949825286865 7.7367129325867 7.733537197113 7.6679544448853 7.499297618866 7.2199521064758 6.9186382293701 6.6541037559509 6.5209970474243 6.5250468254089 6.572597026825 6.6020464897156 6.5908679962158 6.5379905700684 6.4680051803589 6.4347095489502 6.460268497467 6.5204892158508 6.6045904159546 6.7048449516296 6.8072996139526 6.8808975219727 6.9111394882202 6.9717383384705 7.1260857582092 7.3402261734009 7.5341258049011 7.781623840332 8.1575298309326 8.5215740203857 8.6737403869629 8.4960746765137
-999 -999 -999 -999 -999 -999 -999 -999 -999 -999 -999 -999 -999 -999 -999 -999 -999 -999 -999 -999 -999 -999 -999 -999 6.1850714683533 6.4423928260803 6.4099922180176 6.0559072494507 5.2691693305969 4.3632946014404 3.2040793895721 5.7418546676636 7.076819896698 7.5258455276489 7.629469871521 7.6227879524231 7.5619006156921 7.4370365142822 7.2271385192871 6.960841178894 6.690155506134 6.454984664917 6.3035712242126 6.2408747673035 6.2206959724426 6.2007355690002 6.1625375747681 6.1066331863403 6.0551686286926 6.0485000610352 6.097382068634 6.1748852729797 6.2617063522339 6.3455100059509 6.4091629981995 6.4256854057312 6.3899064064026 6.3641667366028 6.4465756416321 6.6008176803589 6.7834820747375 7.0565342903137 7.5090641975403 8.0866060256958 8.5549926757813 8.7657632827759
-999 -999 -999 -999 -999 -999 -999 -999 -999 -999 -999 -999 -999 -999 -999 -999 -999 -999 -999 -999 -999 -999 -999 -999 5.6203651428223 5.7857136726379 5.4814291000366 4.8642373085022 2.5950891971588 1.7118884325027 2.2562277317047 5.3636703491211 6.9230794906616 7.4532885551453 7.559690952301 7.5230317115784 7.4196548461914 7.2597308158875 7.0453310012817 6.79856300354 6.5499925613403 6.327009677887 6.1515173912048 6.0277967453003 5.9381284713745 5.8626937866211 5.7937893867493 5.7351059913635 5.7014470100403 5.7123394012451 5.7684726715088 5.8490424156189 5.9303050041199 5.999351978302 6.0453248023987 6.0449180603027 5.9898996353149 5.9195046424866 5.9383735656738 5.999255657196 6.1622004508972 6.5020003318787 7.0869174003601 7.8041367530823 8.3889627456665 8.6932811737061
-999 -999 -999 -999 -999 -999 -999 -999 -999 -999 -999 -999 -999 -999 -999 -999 -999 -999 -999 -999 -999 -999 -999 -999 4.206310749054 4.1524696350098 2.8215458393097 3.2421486377716 1.2221558094025 0.59709757566452 1.454422712326 4.6041550636292 6.4425897598267 7.1810307502747 7.3959589004517 7.4124517440796 7.3108372688293 7.1405153274536 6.9288897514343 6.6963024139404 6.4605269432068 6.2345337867737 6.0305705070496 5.8533134460449 5.7012152671814 5.571352481842 5.4684090614319 5.4011693000793 5.3768029212952 5.3986420631409 5.4606690406799 5.5453715324402 5.6274290084839 5.6958875656128 5.7579288482666 5.7894277572632 5.7882318496704 5.7813177108765 5.7760801315308 5.7285947799683 5.9018206596375 6.3698043823242 7.0492563247681 7.7821688652039 8.3411321640015 8.6011123657227
-999 -999 -999 -999 -999 -999 -999 -999 -999 -999 -999 -999 -999 -999 -999 -999 -999 -999 -999 -999 -999 -999 -999 1.2739410400391 1.3543711900711 1.2873330116272 1.0527759790421 0.92293429374695 0.40124696493149 0.13027948141098 0.67580837011337 2.3606612682343 5.3078074455261 6.2642359733582 6.8944611549377 7.2020397186279 7.1957683563232 7.0470433235168 6.8365902900696 6.6068353652954 6.3777856826782 6.1445112228394 5.910737991333 5.6925163269043 5.4930467605591 5.3158092498779 5.1767435073853 5.0950860977173 5.07301902771 5.0998463630676 5.1656351089478 5.2578845024109 5.3549222946167 5.4486656188965 5.5485520362854 5.6308155059814 5.7041482925415 5.7802410125732 5.8371205329895 5.8322539329529 6.0264763832092 6.5292091369629 7.210319519043 7.8977060317993 8.364725112915 8.535719871521
-999 -999 -999 -999 -999 -999 -999 -999 -999 -999 -999 -999 -999 -999 -999 -999 -999 -999 -999 -999 -999 -999 -999 0.3540857732296 0.24678805470467 0.27891498804092 0.46116319298744 0.63286149501801 0.2724794447422 0 0.21139545738697 1.2399616241455 3.6521832942963 3.5949821472168 5.8528347015381 6.7292919158936 6.9653506278992 6.9034595489502 6.671404838562 6.4039573669434 6.1845531463623 5.9442119598389 5.6793141365051 5.4684638977051 5.2826046943665 5.0921721458435 4.9267473220825 4.8306231498718 4.8064661026001 4.8292922973633 4.8908886909485 4.9905028343201 5.1184339523315 5.2602272033691 5.3901271820068 5.5146369934082 5.6439785957336 5.7787170410156 5.8974432945251 6.0154013633728 6.2687592506409 6.7351922988892 7.3376326560974 7.9171590805054 8.3005790710449 8.4079523086548
-999 -999 -999 -999 -999 -999 -999 -999 -999 -999 -999 -999 -999 -999 -999 -999 -999 -999 -999 -999 -999 -999 -999 -999 -999 0.11176414787769 0.58601295948029 1.8435941934586 0.49645194411278 0.013923618942499 0 0.38937139511108 1.0604391098022 1.8711704015732 4.3581199645996 5.6068181991577 6.4162821769714 6.5875687599182 6.2090721130371 5.7072405815125 5.5779809951782 5.3261704444885 4.9545283317566 4.9639182090759 4.9892272949219 4.8874244689941 4.7421202659607 4.6419548988342 4.6070971488953 4.6137323379517 4.6586403846741 4.7591190338135 4.9101533889771 5.0782032012939 5.2411603927612 5.4027585983276 5.5733795166016 5.7529411315918 5.9333267211914 6.1358232498169 6.4267225265503 6.8426022529602 7.3381385803223 7.8012065887451 8.0881099700928 8.149320602417
-999 -999 -999 -999 -999 -999 -999 -999 -999 -999 -999 -999 -999 -999 -999 -999 -999 -999 -999 -999 -999 -999 -999 -999 -999 -999 -999 -999 0.33435586094856 0.0072363577783108 0 0.082754142582417 0.36108264327049 0.82423758506775 1.7304688692093 3.0960969924927 5.6196503639221 6.0584931373596 5.2654037475586 3.6476013660431 4.2214832305908 3.9196724891663 2.829824924469 3.9648344516754 4.492335319519 4.6464042663574 4.6112232208252 4.5369758605957 4.4885926246643 4.4762053489685 4.5005683898926 4.5901098251343 4.7430348396301 4.9167456626892 5.0969948768616 5.2849249839783 5.4862451553345 5.7008876800537 5.9241614341736 6.1662926673889 6.461049079895 6.8211193084717 7.2118797302246 7.5546655654907 7.7593131065369 7.7858967781067
-999 -999 -999 -999 -999 -999 -999 -999 -999 -999 -999 -999 -999 -999 -999 -999 -999 -999 -999 -999 -999 -999 -999 -999 -999 -999 -999 -999 0.11244682222605 0 0.0083203995600343 0.29648667573929 0.80584388971329 1.0415487289429 1.3454755544662 2.7198717594147 5.3473315238953 5.5787100791931 3.6263501644135 3.3313164710999 1.826712012291 1.6163018941879 1.8955234289169 2.5019505023956 3.7564296722412 4.2394967079163 4.4411587715149 4.463237285614 4.4274234771729 4.4083428382874 4.4351391792297 4.5049090385437 4.6233491897583 4.7777075767517 4.9574694633484 5.1586813926697 5.3793187141418 5.6152648925781 5.8598718643188 6.1133427619934 6.393189907074 6.699836730957 7.0061874389648 7.2570638656616 7.394672870636 7.386426448822
-999 -999 -999 -999 -999 -999 -999 -999 -999 -999 -999 -999 -999 -999 -999 -999 -999 -999 -999 -999 -999 -999 -999 -999 -999 -999 -999 0.05763528496027 0.0087236892431974 0 0.07722095400095 0.59879302978516 2.32883477211 2.5751466751099 1.8795902729034 4.1683378219604 5.4974246025085 5.4268689155579 3.993415594101 1.6455864906311 0.78550118207932 1.1503138542175 3.0064330101013 3.3215458393097 2.4123961925507 3.4738657474518 4.1234450340271 4.3747801780701 4.3880839347839 4.363085269928 4.3838601112366 4.4311599731445 4.5137739181519 4.6434717178345 4.8162121772766 5.023654460907 5.2553734779358 5.4998979568481 5.7487301826477 6.0010137557983 6.2610354423523 6.5246534347534 6.7723188400269 6.9649653434753 7.0616931915283 7.0356492996216
-999 -999 -999 -999 -999 -999 -999 -999 -999 -999 -999 -999 -999 -999 -999 -999 -999 -999 -999 -999 -999 -999 -999 -999 -999 0 0 0 0 0 0.045179568231106 0.33991727232933 0.84824913740158 1.1118406057358 1.6060404777527 3.8339879512787 4.9144911766052 4.9981307983398 2.862610578537 1.1928228139877 0.50212603807449 1.1508736610413 3.3514122962952 3.5128920078278 1.8951218128204 2.0818681716919 3.7492303848267 4.3037996292114 4.3613476753235 4.3111381530762 4.290301322937 4.3136215209961 4.3803534507751 4.4976558685303 4.6685738563538 4.8842182159424 5.124231338501 5.3706555366516 5.6148600578308 5.8569946289063 6.0978422164917 6.3324317932129 6.5449748039246 6.70924949646 6.7964472770691 6.7848930358887
-999 -999 -999 -999 -999 -999 -999 -999 -999 -999 -999 -999 -999 -999 -999 -999 -999 -999 -999 -999 -999 -999 -999 -999 -999 -999 0 0 0 0 0 0.063438713550568 0.23578782379627 0.58017075061798 1.2100700139999 1.8816171884537 2.8022437095642 4.5730471611023 3.9981772899628 1.6470966339111 0.61603713035583 0.97742915153503 2.9828090667725 3.3111329078674 1.844172000885 2.1040041446686 3.8097214698792 4.3578534126282 4.3677868843079 4.2536315917969 4.1774635314941 4.1707544326782 4.2277388572693 4.3434901237488 4.5204262733459 4.7505660057068 4.9994421005249 5.2428374290466 5.4748063087463 5.700704574585 5.9237489700317 6.1403870582581 6.3390417098999 6.5022358894348 6.6106772422791 6.6505589485168
-999 -999 -999 -999 -999 -999 -999 -999 -999 -999 -999 -999 -999 -999 -999 -999 -999 -999 -999 -999 -999 -999 -999 -999 -999 -999 -999 0 0 0 0 0 0.095416069030762 0.61284339427948 2.2116165161133 1.7702665328979 2.2586057186127 4.1339168548584 3.9241738319397 2.67098736763 0.71614152193069 0.54017376899719 1.3314979076385 2.7114746570587 2.1796717643738 3.4896578788757 4.2884774208069 4.5480890274048 4.4278383255005 4.2138028144836 4.0717067718506 4.0306372642517 4.0774698257446 4.1987652778625 4.3893904685974 4.6338868141174 4.8897490501404 5.1238441467285 5.3353867530823 5.5398187637329 5.7460923194885 5.9533882141113 6.1542582511902 6.3365836143494 6.4894895553589 6.609227180481
-999 -999 -999 -999 -999 -999 -999 -999 -999 -999 -999 -999 -999 -999 -999 -999 -999 -999 -999 -999 -999 -999 -999 -999 -999 -999 -999 -999 0 0 0 0 0.046427953988314 0.44262701272964 1.3912568092346 3.0187680721283 2.416955947876 3.2826795578003 1.866229891777 1.071791768074 0.50059497356415 0.39697980880737 0.74281752109528 1.4581857919693 2.9642577171326 3.8571450710297 4.5716586112976 4.7607436180115 4.5455594062805 4.2234344482422 4.004976272583 3.9189383983612 3.9474108219147 4.0707683563232 4.2735643386841 4.5290312767029 4.7905316352844 5.0079708099365 5.1929626464844 5.3733448982239 5.5644345283508 5.7695555686951 5.9830660820007 6.1953277587891 6.400933265686 6.6021385192871
-999 -999 -999 -999 -999 -999 -999 -999 -999 -999 -999 -999 -999 -999 -999 -999 -999 -999 -999 -999 -999 -999 -999 -999 -999 -999 -999 -999 0 0 0 0 0.0032882704399526 0.23898090422153 0.99854946136475 2.8187675476074 2.8714373111725 1.426321387291 0.74655711650848 0.60685133934021 0.9312384724617 1.2314673662186 1.4601578712463 1.7964775562286 2.3556935787201 3.0828335285187 4.6113624572754 4.9014368057251 4.6776914596558 4.310161113739 4.0091576576233 3.8669011592865 3.8569810390472 3.9633450508118 4.1646146774292 4.4192953109741 4.6781601905823 4.8796882629395 5.041660785675 5.1994543075562 5.3775677680969 5.5864038467407 5.8193855285645 6.0649147033691 6.3163719177246 6.5771608352661
