all/datos/01-EFM-Pronostico-de-Enero-2021-Lluvia/03_Marzo/GRDS/03_2021_Clim.grd
DSAA
390 228
-118.47924025641 -86.14575974359
14.037283991228 32.871016008772
-999 130.69873046875
[rows 58 to 86 of 228, columns 132 to 197 of 390]
-999 -999 -999 -999 -999 -999 -999 -999 -999 -999 -999 -999 -999 -999 -999 -999 -999 -999 -999 -999 -999 -999 -999 -999 -999 -999 -999 -999 -999 -999 -999 -999 -999 -999 -999 -999 -999 -999 -999 -999 -999 -999 -999 -999 1.7851572036743 1.3629478216171 1.2023310661316 1.371191740036 1.8285225629807 2.4960103034973 3.2867321968079 4.114218711853 4.8886656761169 5.5114011764526 5.9501304626465 6.2233486175537 6.3289737701416 6.2519288063049 5.9925208091736 5.5813975334167 5.0777111053467 4.5572190284729 4.0981316566467 3.7594544887543 3.5600707530975 3.4867737293243
-999 -999 -999 -999 -999 -999 -999 -999 -999 -999 -999 -999 -999 -999 -999 -999 -999 -999 -999 -999 -999 -999 -999 -999 -999 -999 -999 -999 -999 -999 -999 -999 -999 -999 -999 -999 -999 -999 -999 -999 -999 -999 2.6385338306427 2.5835266113281 1.9638702869415 1.3645635843277 1.1339150667191 1.2873401641846 1.7576478719711 2.489985704422 3.3539128303528 4.240795135498 5.0686135292053 5.769998550415 6.3076915740967 6.6636266708374 6.8111662864685 6.7139730453491 6.3589987754822 5.7888960838318 5.0970301628113 4.4029021263123 3.8355631828308 3.4778480529785 3.3175506591797 3.3042907714844
-999 -999 -999 -999 -999 -999 -999 -999 -999 -999 -999 -999 -999 -999 -999 -999 -999 -999 -999 -999 -999 -999 -999 -999 -999 -999 -999 -999 -999 -999 -999 -999 -999 -999 -999 -999 -999 -999 -999 -999 1.7371776103973 2.2165927886963 2.7195317745209 2.7431976795197 2.0877616405487 1.4443776607513 1.1890571117401 1.3406505584717 1.8015234470367 2.56871342659 3.4625782966614 4.3770909309387 5.2450909614563 6.0195684432983 6.6630773544312 7.1291284561157 7.3562994003296 7.2656202316284 6.8152270317078 6.0655941963196 5.1550965309143 4.2530264854431 3.5544354915619 3.1991693973541 3.1096873283386 3.1609718799591
-999 -999 -999 -999 -999 -999 -999 -999 -999 -999 -999 -999 -999 -999 -999 -999 -999 -999 -999 -999 -999 -999 -999 -999 -999 -999 -999 -999 -999 -999 -999 -999 -999 -999 -999 -999 -999 -999 -999 1.231386423111 1.604708313942 2.096494436264 2.478321313858 2.4589171409607 2.0352177619934 1.5949133634567 1.4250906705856 1.596582531929 2.0660028457642 2.7890241146088 3.6527800559998 4.5560140609741 5.4386796951294 6.2646155357361 7.0008964538574 7.5926380157471 7.9423837661743 7.8942756652832 7.3479290008545 6.4066457748413 5.2874574661255 4.1981029510498 3.3614273071289 3.042032957077 3.0302197933197 3.1420037746429
-999 -999 -999 -999 -999 -999 -999 -999 -999 -999 -999 -999 -999 -999 -999 -999 -999 -999 -999 -999 -999 -999 -999 -999 -999 -999 -999 -999 -999 -999 -999 -999 -999 -999 -999 1.1607667207718 1.1305239200592 1.0834589004517 1.0491917133331 1.1477663516998 1.5258765220642 1.9776049852371 2.2461075782776 2.259979724884 2.0925145149231 1.9053180217743 1.8303152322769 2.004200220108 2.4566698074341 3.122923374176 3.9185738563538 4.7704567909241 5.6300506591797 6.469452381134 7.2647256851196 7.9679465293884 8.4626522064209 8.4975633621216 7.8452343940735 6.7250308990479 5.4804830551147 4.3406944274902 3.5051760673523 3.1863415241241 3.1944804191589 3.3136525154114
-999 -999 -999 -999 -999 -999 -999 -999 -999 -999 -999 -999 -999 -999 -999 -999 -999 -999 -999 -999 -999 -999 -999 -999 -999 -999 -999 -999 -999 -999 -999 -999 -999 1.2485158443451 1.2512712478638 1.2483565807343 1.2390999794006 1.2244600057602 1.2249804735184 1.2875411510468 1.5577110052109 1.909728884697 2.1447920799255 2.258031129837 2.3325514793396 2.3874623775482 2.4337384700775 2.5757720470428 2.9526076316833 3.5177290439606 4.2137565612793 4.9807777404785 5.7773666381836 6.5792565345764 7.3664579391479 8.0972023010254 8.6624937057495 8.8039283752441 8.0214681625366 6.8324646949768 5.6179733276367 4.5941519737244 3.9002311229706 3.6080048084259 3.59734582901 3.6843640804291
-999 -999 -999 -999 -999 -999 -999 -999 -999 -999 -999 -999 -999 -999 -999 -999 -999 -999 -999 -999 -999 -999 -999 -999 -999 -999 -999 -999 -999 -999 -999 1.2894818782806 1.3076581954956 1.3215926885605 1.3355765342712 1.3535109758377 1.3779797554016 1.4110057353973 1.4548140764236 1.5244400501251 1.7023320198059 1.9507805109024 2.1798655986786 2.3929336071014 2.6922693252563 3.0454597473145 3.3374197483063 3.3890836238861 3.5376055240631 3.9355132579803 4.4993581771851 5.1526050567627 5.8487730026245 6.558762550354 7.2542867660522 7.8807454109192 8.3126707077026 8.2938327789307 7.6180830001831 6.5787196159363 5.5579509735107 4.7652840614319 4.2752966880798 4.0873198509216 4.111804485321 4.1997742652893
-999 -999 -999 -999 -999 -999 -999 -999 -999 -999 -999 -999 -999 -999 -999 -999 -999 -999 -999 -999 -999 -999 -999 -999 -999 -999 -999 -999 -999 -999 -999 1.3482670783997 1.3702020645142 1.3924835920334 1.4206665754318 1.4586431980133 1.5094774961472 1.5726435184479 1.6468127965927 1.7430689334869 1.8940062522888 2.0982449054718 2.3323044776917 2.6294012069702 3.106826543808 3.7018492221832 4.120551109314 4.0575733184814 4.058051109314 4.3096876144409 4.7357006072998 5.2600784301758 5.8315505981445 6.4127593040466 6.9622979164124 7.411961555481 7.6423053741455 7.4886450767517 6.8864254951477 6.0398850440979 5.2775015830994 4.7670102119446 4.5069003105164 4.4624123573303 4.5688924789429 4.7071471214294
-999 -999 -999 -999 -999 -999 -999 -999 -999 -999 -999 -999 -999 -999 -999 -999 -999 -999 -999 -999 -999 -999 -999 -999 -999 -999 -999 -999 -999 -999 1.3746531009674 1.4018877744675 1.4293320178986 1.4620850086212 1.5045036077499 1.5601894855499 1.6301978826523 1.7143167257309 1.8126772642136 1.932510137558 2.088237285614 2.2889716625214 2.5428230762482 2.896760225296 3.4030437469482 3.9614758491516 4.3278121948242 4.3884687423706 4.4085097312927 4.576958656311 4.8885612487793 5.2894930839539 5.7319993972778 6.1754784584045 6.5724873542786 6.8562917709351 6.9338798522949 6.7061352729797 6.1533446311951 5.4372763633728 4.9008636474609 4.6530423164368 4.5922799110413 4.6724548339844 4.8428506851196 5.0055742263794
-999 -999 -999 -999 -999 -999 -999 -999 -999 -999 -999 -999 -999 -999 -999 -999 -999 -999 -999 -999 -999 -999 -999 -999 -999 -999 -999 -999 -999 1.3952437639236 1.4234226942062 1.4526561498642 1.4872233867645 1.5308780670166 1.5870686769485 1.6572834253311 1.7417142391205 1.8414475917816 1.9580931663513 2.0970020294189 2.2676389217377 2.4804248809814 2.750855922699 3.1054995059967 3.5468378067017 3.9934642314911 4.3126945495605 4.4617366790771 4.5536789894104 4.7039437294006 4.9398565292358 5.2385787963867 5.5656590461731 5.884557723999 6.1527938842773 6.3172245025635 6.3150010108948 6.0857820510864 5.6163921356201 5.0258946418762 4.6177549362183 4.5242819786072 4.5845575332642 4.7418484687805 4.9404649734497 5.0962285995483
-999 -999 -999 -999 -999 -999 -999 -999 -999 -999 -999 -999 -999 -999 -999 -999 -999 -999 -999 -999 -999 -999 -999 -999 -999 -999 -999 -999 1.4113739728928 1.4387408494949 1.4670958518982 1.50090944767 1.5435745716095 1.5981122255325 1.6664108037949 1.7478487491608 1.8433405160904 1.954637169838 2.0842747688293 2.2371251583099 2.420690536499 2.6417140960693 2.9103419780731 3.2336552143097 3.5979096889496 3.9513931274414 4.2306232452393 4.4168133735657 4.5564122200012 4.7076992988586 4.8965663909912 5.1176586151123 5.3505144119263 5.5672960281372 5.7368330955505 5.82386302948 5.7933111190796 5.6146745681763 5.2725305557251 4.8065304756165 4.4616990089417 4.417631149292 4.5437612533569 4.7247924804688 4.9151635169983 5.0655121803284
-999 -999 -999 -999 -999 -999 -999 -999 -999 -999 -999 -999 -999 -999 -999 -999 -999 -999 -999 -999 -999 -999 -999 -999 -999 -999 -999 1.4243432283401 1.4496684074402 1.475812792778 1.5070893764496 1.5468190908432 1.5978285074234 1.6626559495926 1.7402139902115 1.8301887512207 1.9338244199753 2.0531086921692 2.1911385059357 2.3528492450714 2.5418293476105 2.7613298892975 3.0147914886475 3.2997722625732 3.6012697219849 3.8892850875854 4.1336822509766 4.324933052063 4.4808945655823 4.6282415390015 4.7829170227051 4.9451804161072 5.1037845611572 5.2398676872253 5.3329863548279 5.3637652397156 5.3170418739319 5.1830010414124 4.9538140296936 4.6238775253296 4.370304107666 4.3541150093079 4.4720931053162 4.6276021003723 4.789568901062 4.934473991394
-999 -999 -999 -999 -999 -999 -999 -999 -999 -999 -999 -999 -999 -999 -999 -999 -999 -999 -999 -999 -999 -999 -999 -999 -999 -999 1.435415148735 1.4581468105316 1.4809076786041 1.5084352493286 1.544117808342 1.590247631073 1.6496093273163 1.7224261760712 1.8068814277649 1.9030902385712 2.0122907161713 2.1365118026733 2.2791175842285 2.444121837616 2.6315915584564 2.8421096801758 3.0749452114105 3.3245747089386 3.578893661499 3.8204522132874 4.0339784622192 4.2139453887939 4.3658814430237 4.500458240509 4.6256237030029 4.7418260574341 4.842146396637 4.9141888618469 4.9449543952942 4.9249773025513 4.8510580062866 4.7258744239807 4.5556101799011 4.3761606216431 4.2535347938538 4.2601089477539 4.3498296737671 4.460352897644 4.577889919281 4.7014393806458
-999 -999 -999 -999 -999 -999 -999 -999 -999 -999 -999 -999 -999 -999 -999 -999 -999 -999 -999 -999 -999 -999 -999 -999 -999 -999 1.4659781455994 1.4848092794418 1.5073597431183 1.5376632213593 1.578141450882 1.6308012008667 1.6974159479141 1.7760894298553 1.8654972314835 1.9658597707748 2.0784192085266 2.2050127983093 2.3493402004242 2.5127849578857 2.6939525604248 2.8916051387787 3.1030287742615 3.3224775791168 3.5408520698547 3.7473721504211 3.933277130127 4.0951943397522 4.2327709197998 4.3492403030396 4.4473686218262 4.5265622138977 4.5818209648132 4.6037330627441 4.5833096504211 4.516010761261 4.4062476158142 4.2730913162231 4.1510577201843 4.0733203887939 4.040723323822 4.0710730552673 4.1581301689148 4.246702671051 4.3366661071777 4.4444317817688
-999 -999 -999 -999 -999 -999 -999 -999 -999 -999 -999 -999 -999 -999 -999 -999 -999 -999 -999 -999 -999 -999 -999 -999 -999 1.4790099859238 1.4911853075027 1.5070369243622 1.5304127931595 1.5639117956161 1.609053850174 1.6677471399307 1.7399953603745 1.8231596946716 1.9161219596863 2.0190072059631 2.1330387592316 2.259922504425 2.4032709598541 2.5619587898254 2.7341837882996 2.9175415039063 3.1087386608124 3.3026895523071 3.4925436973572 3.6710426807404 3.8322548866272 3.9740462303162 4.0935497283936 4.1904969215393 4.2647519111633 4.3143453598022 4.3357748985291 4.3212299346924 4.2631487846375 4.1584820747375 4.0149760246277 3.8636114597321 3.7604575157166 3.7309064865112 3.744024515152 3.7909710407257 3.9009754657745 4.032576084137 4.1526770591736 4.2544860839844
-999 -999 -999 -999 -999 -999 -999 -999 -999 -999 -999 -999 -999 -999 -999 -999 -999 -999 -999 -999 -999 -999 -999 -999 1.5037565231323 1.507318854332 1.5126088857651 1.5262330770493 1.5506790876389 1.5869563817978 1.6362614631653 1.700302362442 1.7769064903259 1.8635103702545 1.9588903188705 2.0630993843079 2.1772842407227 2.3032190799713 2.4431252479553 2.5950222015381 2.7570128440857 2.9261133670807 3.0989856719971 3.2712290287018 3.4376771450043 3.5929369926453 3.7325863838196 3.8544235229492 3.9557144641876 4.0342612266541 4.088755607605 4.1165347099304 4.1146392822266 4.0774283409119 3.9988305568695 3.8768479824066 3.7202370166779 3.5620291233063 3.4699773788452 3.4551899433136 3.47944688797 3.5396990776062 3.6832005977631 3.9152429103851 4.1086859703064 4.2060413360596
-999 -999 -999 -999 -999 -999 -999 -999 -999 -999 -999 -999 -999 -999 -999 -999 -999 -999 -999 -999 -999 -999 -999 -999 1.5399032831192 1.5326690673828 1.5316517353058 1.5429850816727 1.5678027868271 1.6062088012695 1.6592893600464 1.7279717922211 1.808210849762 1.8974457979202 1.9942786693573 2.0988144874573 2.2119815349579 2.3358261585236 2.4709095954895 2.6151266098022 2.7664654254913 2.9220895767212 3.078724861145 3.2324867248535 3.3793969154358 3.5151085853577 3.6359536647797 3.7396869659424 3.8243935108185 3.8874645233154 3.9266378879547 3.9398901462555 3.9248101711273 3.878755569458 3.7980928421021 3.6829652786255 3.5431175231934 3.4097838401794 3.3330953121185 3.3224165439606 3.3867275714874 3.5153267383575 3.741046667099 4.0396862030029 4.2539615631104 4.3122615814209
-999 -999 -999 -999 -999 -999 -999 -999 -999 -999 -999 -999 -999 -999 -999 -999 -999 -999 -999 -999 -999 -999 -999 -999 1.5784773826599 1.5599900484085 1.5504674911499 1.5576109886169 1.5813730955124 1.6213901042938 1.6783562898636 1.7511751651764 1.8346598148346 1.9258804321289 2.0233480930328 2.1272256374359 2.2383687496185 2.3590493202209 2.4884595870972 2.6247198581696 2.7658505439758 2.9090683460236 3.0514426231384 3.1894652843475 3.3199942111969 3.4393904209137 3.5442223548889 3.6323711872101 3.7029240131378 3.7534246444702 3.7819311618805 3.7870581150055 3.7678959369659 3.7242858409882 3.656120300293 3.5654897689819 3.4630601406097 3.3722920417786 3.3225452899933 3.3414199352264 3.5035676956177 3.7609374523163 4.0709767341614 4.3759551048279 4.5547790527344 4.5498185157776
-999 -999 -999 -999 -999 -999 -999 -999 -999 -999 -999 -999 -999 -999 -999 -999 -999 -999 -999 -999 -999 -999 -999 1.6486618518829 1.6238839626312 1.5926945209503 1.5717966556549 1.5708705186844 1.5914840698242 1.6327105760574 1.6940366029739 1.7710847854614 1.8576022386551 1.9502038955688 2.0474836826324 2.1496689319611 2.2579152584076 2.3742702007294 2.4974563121796 2.6257581710815 2.7573020458221 2.889378786087 3.019446849823 3.1443195343018 3.2613217830658 3.3673288822174 3.4589948654175 3.5343832969666 3.5929610729218 3.6335775852203 3.6551501750946 3.6572613716125 3.6408336162567 3.6075756549835 3.5592575073242 3.501119852066 3.4436812400818 3.4047193527222 3.4104797840118 3.5041611194611 3.7363932132721 4.0708756446838 4.4221649169922 4.7309737205505 4.8662705421448 4.8253746032715
-999 -999 -999 -999 -999 -999 -999 -999 -999 -999 -999 -999 -999 -999 -999 -999 -999 -999 -999 -999 -999 -999 -999 1.7125462293625 1.6778154373169 1.6346955299377 1.5998136997223 1.585422039032 1.5997530221939 1.6418250799179 1.7084723711014 1.7905519008636 1.8799623250961 1.9730889797211 2.0688202381134 2.1678941249847 2.2720084190369 2.382869720459 2.4992272853851 2.619651556015 2.7423195838928 2.8647005558014 2.9844672679901 3.0987980365753 3.2052044868469 3.3006453514099 3.3816010951996 3.446469783783 3.4953787326813 3.5281465053558 3.5451192855835 3.5473554134369 3.5376145839691 3.5184547901154 3.4930543899536 3.4681468009949 3.4548139572144 3.4684512615204 3.5325980186462 3.6802928447723 3.9327359199524 4.2602396011353 4.5981965065002 4.8727498054504 5.0096096992493 4.9823656082153
-999 -999 -999 -999 -999 -999 -999 -999 -999 -999 -999 -999 -999 -999 -999 -999 -999 -999 -999 -999 -999 -999 -999 -999 -999 1.6939535140991 1.6424149274826 1.6097464561462 1.6114505529404 1.6538348197937 1.7277457714081 1.8162479400635 1.9083468914032 2.0002055168152 2.0917844772339 2.1850602626801 2.2827255725861 2.386287689209 2.494950056076 2.6074237823486 2.7219398021698 2.8361105918884 2.9477472305298 3.054315328598 3.1531703472137 3.2406075000763 3.3131465911865 3.3694713115692 3.4101748466492 3.436048746109 3.4491426944733 3.4527108669281 3.450582742691 3.4460191726685 3.4432055950165 3.4490230083466 3.4729421138763 3.5279407501221 3.6310386657715 3.8005306720734 4.0404691696167 4.3263845443726 4.6104249954224 4.8359618186951 4.9558362960815 4.9423971176147
-999 -999 -999 -999 -999 -999 -999 -999 -999 -999 -999 -999 -999 -999 -999 -999 -999 -999 -999 -999 -999 -999 -999 -999 -999 -999 -999 -999 1.6378736495972 1.6816048622131 1.7662341594696 1.8626891374588 1.9556753635406 2.042163848877 2.1243469715118 2.2067286968231 2.2935380935669 2.3865656852722 2.4859328269958 2.5900123119354 2.6969809532166 2.8045418262482 2.9104924201965 3.012305021286 3.1068773269653 3.1892740726471 3.2555394172668 3.3042845726013 3.3370912075043 3.3558132648468 3.3643450737 3.3684158325195 3.3726577758789 3.3806648254395 3.3967545032501 3.4272646903992 3.47935962677 3.5619628429413 3.6852285861969 3.8566787242889 4.071418762207 4.3078994750977 4.5320868492126 4.7028651237488 4.7858457565308 4.758189201355
-999 -999 -999 -999 -999 -999 -999 -999 -999 -999 -999 -999 -999 -999 -999 -999 -999 -999 -999 -999 -999 -999 -999 -999 -999 -999 -999 -999 1.6982363462448 1.7506895065308 1.8461821079254 1.9439157247543 2.0291800498962 2.1025252342224 2.1693267822266 2.2354443073273 2.3066558837891 2.3863067626953 2.4738063812256 2.5685002803802 2.6683704853058 2.7710103988647 2.8741478919983 2.9746191501617 3.0678498744965 3.1479120254517 3.2098829746246 3.2519972324371 3.2763917446136 3.2863729000092 3.2879583835602 3.2895593643188 3.297102689743 3.3142297267914 3.3447625637054 3.3936970233917 3.4651601314545 3.564172744751 3.6954357624054 3.8596522808075 4.048798084259 4.243462562561 4.4172425270081 4.5391426086426 4.5806097984314 4.5195331573486
-999 -999 -999 -999 -999 -999 -999 -999 -999 -999 -999 -999 -999 -999 -999 -999 -999 -999 -999 -999 -999 -999 -999 -999 -999 -999 -999 1.8804759979248 1.8422684669495 1.9011762142181 1.9903832674026 2.071478843689 2.1332643032074 2.181117773056 2.2239191532135 2.2687335014343 2.320458650589 2.382871389389 2.4569084644318 2.5419838428497 2.635377407074 2.7345440387726 2.8371779918671 2.9396121501923 3.0355279445648 3.1172542572021 3.1778147220612 3.2141695022583 3.2285749912262 3.2262115478516 3.2165365219116 3.2112584114075 3.2181828022003 3.2411112785339 3.2826118469238 3.3449723720551 3.4294481277466 3.5375108718872 3.6701948642731 3.8252170085907 3.9930872917175 4.1577372550964 4.2973327636719 4.3866686820984 4.4009003639221 4.31929063797
-999 -999 -999 -999 -999 -999 -999 -999 -999 -999 -999 -999 -999 -999 -999 -999 -999 -999 -999 -999 -999 -999 -999 -999 -999 2.353287935257 2.2846500873566 2.1861352920532 2.1419825553894 2.1685535907745 2.2178888320923 2.2537829875946 2.2695620059967 2.2755646705627 2.2848007678986 2.3035593032837 2.333158493042 2.3747553825378 2.4329118728638 2.5079197883606 2.5957052707672 2.6927616596222 2.7973482608795 2.9055800437927 3.0096869468689 3.0989410877228 3.1623997688293 3.1938960552216 3.1950161457062 3.1743776798248 3.1470592021942 3.1293349266052 3.1317386627197 3.1579155921936 3.208375453949 3.2815170288086 3.3750786781311 3.488217830658 3.6196591854095 3.7661736011505 3.9191648960114 4.0659594535828 4.1890516281128 4.2687568664551 4.2846813201904 4.2183609008789
-999 -999 -999 -999 -999 -999 -999 -999 -999 -999 -999 -999 -999 -999 -999 -999 -999 -999 -999 -999 -999 -999 -999 -999 -999 -999 2.6532990932465 2.6103420257568 2.5657794475555 2.5442798137665 2.5272507667542 2.4890613555908 2.4343011379242 2.3812472820282 2.3476405143738 2.3374853134155 2.3442165851593 2.3630428314209 2.4020895957947 2.4663343429565 2.5482175350189 2.6436858177185 2.7522761821747 2.8707211017609 2.9902646541595 3.09565782547 3.1687688827515 3.1968636512756 3.17933177948 3.1310439109802 3.0768961906433 3.0406167507172 3.0355088710785 3.0636112689972 3.1227595806122 3.2061023712158 3.3076043128967 3.4238579273224 3.5529472827911 3.6924962997437 3.8364412784576 3.97580909729 4.0985517501831 4.1916408538818 4.2410244941711 4.2350292205811
-999 -999 -999 -999 -999 -999 -999 -999 -999 -999 -999 -999 -999 -999 -999 -999 -999 -999 -999 -999 -999 -999 -999 -999 -999 -999 -999 3.0581548213959 3.0441434383392 2.989107131958 2.8936531543732 2.7627813816071 2.6178367137909 2.4901595115662 2.4061374664307 2.3649134635925 2.3516645431519 2.349027633667 2.3659558296204 2.4182407855988 2.491105556488 2.5821220874786 2.6956043243408 2.8304922580719 2.9756083488464 3.1098484992981 3.2038638591766 3.2317340373993 3.1880216598511 3.0983889102936 3.005366563797 2.9441502094269 2.9294321537018 2.9607050418854 3.0298323631287 3.124490737915 3.2338035106659 3.352148771286 3.4775819778442 3.6103026866913 3.7481927871704 3.8866555690765 4.0201983451843 4.1424627304077 4.2479710578918 4.3347339630127
-999 -999 -999 -999 -999 -999 -999 -999 -999 -999 -999 -999 -999 -999 -999 -999 -999 -999 -999 -999 -999 -999 -999 -999 -999 -999 -999 -999 3.5204727649689 3.4519605636597 3.2797870635986 3.0453627109528 2.8017628192902 2.5962703227997 2.4574506282806 2.3794221878052 2.3455896377563 2.3280885219574 2.3308260440826 2.3682963848114 2.4238088130951 2.503936290741 2.6210291385651 2.7784669399261 2.961681842804 3.1404845714569 3.2714631557465 3.3076424598694 3.2306690216064 3.0839672088623 2.9395878314972 2.8486382961273 2.8223280906677 2.8575546741486 2.9398174285889 3.0471148490906 3.1629824638367 3.28022813797 3.398236989975 3.5211663246155 3.6520028114319 3.7916028499603 3.9397871494293 4.0963835716248 4.2631497383118 4.4448599815369
-999 -999 -999 -999 -999 -999 -999 -999 -999 -999 -999 -999 -999 -999 -999 -999 -999 -999 -999 -999 -999 -999 -999 -999 -999 -999 -999 -999 3.954909324646 3.8838975429535 3.6404039859772 3.2977893352509 2.9565060138702 2.6854710578918 2.4967024326324 2.3797166347504 2.3196139335632 2.2915613651276 2.2872679233551 2.3071613311768 2.3433659076691 2.4086270332336 2.5274155139923 2.712174654007 2.9423625469208 3.176696062088 3.3605926036835 3.422164440155 3.3139922618866 3.1073546409607 2.9080998897552 2.7877044677734 2.7419383525848 2.7753674983978 2.8701770305634 2.9888899326324 3.1071910858154 3.2159860134125 3.318790435791 3.4250817298889 3.5439710617065 3.681872844696 3.8425467014313 4.0296521186829 4.2474493980408 4.5008597373962
