all/datos/01-EFM-Pronostico-de-Enero-2021-Lluvia/03_Marzo/GRDS/03_2021_Apor.grd
DSAA
390 228
-118.47924025641 -86.14575974359
14.037283991228 32.871016008772
-999 609.53955078125
[rows 58 to 86 of 228, columns 132 to 197 of 390]
-999 -999 -999 -999 -999 -999 -999 -999 -999 -999 -999 -999 -999 -999 -999 -999 -999 -999 -999 -999 -999 -999 -999 -999 -999 -999 -999 -999 -999 -999 -999 -999 -999 -999 -999 -999 -999 -999 -999 -999 -999 -999 -999 -999 239.7703704834 321.22225952148 354.55569458008 302.27529907227 255.94450378418 223.80999755859 192.31091308594 166.27290344238 147.83445739746 135.75366210938 127.43916320801 121.25066375732 116.26150512695 106.36782836914 103.70610809326 105.2048034668 108.99262237549 115.28397369385 125.40453338623 147.66256713867 169.79637145996 182.57441711426
-999 -999 -999 -999 -999 -999 -999 -999 -999 -999 -999 -999 -999 -999 -999 -999 -999 -999 -999 -999 -999 -999 -999 -999 -999 -999 -999 -999 -999 -999 -999 -999 -999 -999 -999 -999 -999 -999 -999 -999 -999 -999 134.19065856934 149.98292541504 240.94155883789 335.84292602539 279.88360595703 225.28031921387 197.87075805664 218.43202209473 190.53570556641 163.42028808594 144.24084472656 131.72204589844 123.73680877686 118.54599761963 113.96259307861 106.33213806152 105.22545623779 108.02687835693 113.91426849365 125.23834228516 150.61631774902 172.17431640625 186.78886413574 190.45347595215
-999 -999 -999 -999 -999 -999 -999 -999 -999 -999 -999 -999 -999 -999 -999 -999 -999 -999 -999 -999 -999 -999 -999 -999 -999 -999 -999 -999 -999 -999 -999 -999 -999 -999 -999 -999 -999 -999 -999 -999 296.22503662109 212.88043212891 130.77883911133 168.46775817871 241.51864624023 338.58139038086 372.95178222656 322.73672485352 265.97003173828 223.07556152344 187.75674438477 160.16413879395 140.9518737793 128.05934143066 119.5491027832 114.27165985107 111.07929229736 109.69116210938 111.54808807373 116.96063232422 126.33386993408 141.67408752441 163.74824523926 183.56224060059 193.99691772461 194.81158447266
-999 -999 -999 -999 -999 -999 -999 -999 -999 -999 -999 -999 -999 -999 -999 -999 -999 -999 -999 -999 -999 -999 -999 -999 -999 -999 -999 -999 -999 -999 -999 -999 -999 -999 -999 -999 -999 -999 -999 466.28018188477 358.66256713867 269.10498046875 217.99490356445 222.95179748535 270.38690185547 333.04165649414 358.40963745117 322.35836791992 267.07183837891 218.53845214844 182.28706359863 156.23545837402 137.83840942383 124.88820648193 115.87273406982 110.06520843506 107.14162445068 107.28757476807 110.80096435547 117.86315917969 129.15463256836 146.32377624512 169.54052734375 187.51382446289 195.25112915039 195.66525268555
-999 -999 -999 -999 -999 -999 -999 -999 -999 -999 -999 -999 -999 -999 -999 -999 -999 -999 -999 -999 -999 -999 -999 -999 -999 -999 -999 -999 -999 -999 -999 -999 -999 -999 -999 595.67895507813 600.26110839844 608.05206298828 609.53955078125 551.32574462891 423.28775024414 331.5830078125 288.45336914063 280.00122070313 291.64636230469 302.10559082031 300.73321533203 277.89758300781 241.11758422852 204.63528442383 174.87367248535 152.20135498047 135.30874633789 122.74728393555 113.48096466064 107.05716705322 103.64861297607 103.95294189453 108.29118347168 116.38339233398 128.50595092773 145.67514038086 167.05906677246 182.88578796387 189.45654296875 191.02317810059
-999 -999 -999 -999 -999 -999 -999 -999 -999 -999 -999 -999 -999 -999 -999 -999 -999 -999 -999 -999 -999 -999 -999 -999 -999 -999 -999 -999 -999 -999 -999 -999 -999 578.82824707031 582.22088623047 585.33386230469 585.33062744141 584.07049560547 577.88873291016 549.77374267578 463.3974609375 384.67175292969 339.88525390625 312.10073852539 285.34283447266 258.88473510742 240.82057189941 230.54176330566 213.15824890137 190.60693359375 168.2371673584 149.22074890137 134.06448364258 122.24626922607 113.18836212158 106.65644073486 102.96277618408 102.90952301025 108.06641387939 116.93818664551 129.34574890137 145.07647705078 161.89001464844 174.16943359375 179.88179016113 182.44818115234
-999 -999 -999 -999 -999 -999 -999 -999 -999 -999 -999 -999 -999 -999 -999 -999 -999 -999 -999 -999 -999 -999 -999 -999 -999 -999 -999 -999 -999 -999 -999 561.62860107422 562.02886962891 563.65740966797 564.58612060547 562.48065185547 555.43218994141 544.57043457031 532.04760742188 513.71636962891 468.57055664063 414.32821655273 368.0334777832 322.80187988281 268.03448486328 219.61457824707 191.67924499512 192.00180053711 192.05757141113 180.3293762207 163.7600402832 147.81146240234 134.35221862793 123.57068634033 115.27194976807 109.42102813721 106.38970947266 107.02450561523 112.21118164063 121.49388885498 133.8702545166 147.69900512695 160.26829528809 168.50466918945 172.00520324707 173.73852539063
-999 -999 -999 -999 -999 -999 -999 -999 -999 -999 -999 -999 -999 -999 -999 -999 -999 -999 -999 -999 -999 -999 -999 -999 -999 -999 -999 -999 -999 -999 -999 546.56091308594 546.42846679688 546.03057861328 543.56799316406 537.56958007813 527.40673828125 514.67163085938 501.25735473633 484.52261352539 456.02096557617 416.65423583984 372.18103027344 319.34878540039 254.0182800293 199.47160339355 173.17224121094 178.0832824707 182.24987792969 174.81079101563 161.58088684082 147.8740234375 135.95825195313 126.40684509277 119.25782012939 114.57781219482 112.70529937744 114.36540985107 120.27763366699 130.29750061035 142.51220703125 154.1162109375 163.01533508301 167.90238952637 169.1516418457 169.2837677002
-999 -999 -999 -999 -999 -999 -999 -999 -999 -999 -999 -999 -999 -999 -999 -999 -999 -999 -999 -999 -999 -999 -999 -999 -999 -999 -999 -999 -999 -999 532.05731201172 530.99169921875 529.66412353516 526.82275390625 521.35815429688 512.55535888672 500.89233398438 487.49813842773 473.51251220703 457.53631591797 434.88830566406 400.876953125 357.25729370117 305.31246948242 247.95950317383 203.52256774902 182.81549072266 181.23045349121 180.71716308594 172.92797851563 160.98907470703 148.84770202637 138.3816986084 130.18594360352 124.41384124756 121.14356231689 120.62243652344 123.51648712158 130.67378234863 142.12971496582 154.09028625488 163.12118530273 169.14367675781 171.94494628906 172.17561340332 171.84773254395
-999 -999 -999 -999 -999 -999 -999 -999 -999 -999 -999 -999 -999 -999 -999 -999 -999 -999 -999 -999 -999 -999 -999 -999 -999 -999 -999 -999 -999 515.60455322266 515.28338623047 514.35577392578 511.67779541016 506.56262207031 498.44104003906 487.54122924805 474.4358215332 459.73629760742 444.03564453125 426.58547973633 404.28555297852 371.78646850586 330.69369506836 286.17684936523 243.35908508301 211.25936889648 194.7463684082 189.41023254395 182.69729614258 172.45518493652 160.87953186035 150.0717010498 141.09846496582 134.38595581055 130.15673828125 128.43272399902 129.25802612305 133.17379760742 141.13616943359 153.34767150879 165.34046936035 172.62350463867 177.2576751709 179.25354003906 179.4252166748 179.24749755859
-999 -999 -999 -999 -999 -999 -999 -999 -999 -999 -999 -999 -999 -999 -999 -999 -999 -999 -999 -999 -999 -999 -999 -999 -999 -999 -999 -999 499.11944580078 498.60092163086 498.63571166992 497.20629882813 493.18560791016 485.9931640625 475.72024536133 463.05987548828 448.24426269531 431.41870117188 412.66250610352 391.41802978516 365.98516845703 335.00854492188 300.34930419922 266.02883911133 235.64234924316 212.90757751465 199.13470458984 190.80447387695 181.61863708496 170.77925109863 160.20246887207 151.0499420166 143.81405639648 138.76373291016 136.26895141602 136.2424621582 138.39379882813 142.98281860352 150.79940795898 162.85537719727 175.10981750488 182.31646728516 185.99678039551 187.91510009766 188.13070678711 186.6439666748
-999 -999 -999 -999 -999 -999 -999 -999 -999 -999 -999 -999 -999 -999 -999 -999 -999 -999 -999 -999 -999 -999 -999 -999 -999 -999 -999 484.35028076172 482.61755371094 481.94277954102 481.18640136719 479.35900878906 474.64392089844 465.91561889648 454.07604980469 439.85028076172 423.30899047852 404.15325927734 381.97570800781 356.52105712891 328.28247070313 298.74298095703 270.40600585938 245.27865600586 224.1540222168 207.75021362305 195.87710571289 186.47801208496 177.05178833008 167.37330627441 158.63523864746 151.63359069824 146.54806518555 143.52647399902 142.99058532715 144.75213623047 148.37896728516 154.0389251709 162.13320922852 173.52922058105 184.57960510254 191.0630645752 194.69253540039 196.6524810791 195.23265075684 187.84812927246
-999 -999 -999 -999 -999 -999 -999 -999 -999 -999 -999 -999 -999 -999 -999 -999 -999 -999 -999 -999 -999 -999 -999 -999 -999 -999 472.15118408203 469.8642578125 466.46752929688 461.04321289063 456.84130859375 457.36209106445 455.48098754883 447.07330322266 434.18511962891 418.58010864258 400.57861328125 379.54931640625 354.56387329102 325.79635620117 295.49212646484 266.74963378906 243.21466064453 225.29167175293 210.77082824707 198.6849822998 188.54203796387 179.48249816895 170.87771606445 162.98100280762 156.48449707031 151.89471435547 149.21516418457 148.5541229248 150.12533569336 153.65364074707 158.81788635254 166.13040161133 175.86596679688 185.71028137207 193.64250183105 198.69309997559 202.36724853516 204.04602050781 198.4609375 179.73271179199
-999 -999 -999 -999 -999 -999 -999 -999 -999 -999 -999 -999 -999 -999 -999 -999 -999 -999 -999 -999 -999 -999 -999 -999 -999 -999 460.54824829102 456.61590576172 446.00857543945 423.43414306641 404.01034545898 421.73880004883 434.67367553711 429.95529174805 416.56167602539 399.65493774414 380.41390991211 358.2077331543 331.54681396484 300.95953369141 270.10040283203 242.1925201416 221.8885345459 208.7281036377 198.17921447754 188.7534942627 180.02462768555 171.76281738281 164.24966430664 158.19538879395 154.05435180664 151.78071594238 151.30430603027 152.74827575684 156.23469543457 161.39846801758 167.59815979004 175.86016845703 185.68856811523 194.21315002441 199.92170715332 204.0542755127 207.74311828613 209.43560791016 200.88897705078 162.53489685059
-999 -999 -999 -999 -999 -999 -999 -999 -999 -999 -999 -999 -999 -999 -999 -999 -999 -999 -999 -999 -999 -999 -999 -999 -999 447.21911621094 448.19384765625 438.15234375 412.72262573242 360.48568725586 264.1721496582 372.5458984375 414.16436767578 415.37200927734 401.59149169922 383.19390869141 362.55960083008 339.30166625977 312.04547119141 281.8137512207 253.04219055176 228.07228088379 209.76342773438 197.56767272949 188.18940734863 179.84118652344 171.98406982422 164.51722717285 158.00480651855 153.55480957031 151.48051452637 151.13508605957 152.32778930664 155.16058349609 159.67774963379 165.46656799316 172.13401794434 180.4461517334 189.50050354004 196.74108886719 201.23068237305 205.26728820801 209.11514282227 211.31837463379 208.87106323242 199.69683837891
-999 -999 -999 -999 -999 -999 -999 -999 -999 -999 -999 -999 -999 -999 -999 -999 -999 -999 -999 -999 -999 -999 -999 -999 411.30804443359 427.40740966797 423.77066040039 396.78784179688 339.79754638672 274.94735717773 195.81707763672 337.69610595703 398.2663269043 403.85314941406 389.47918701172 369.48233032227 347.3088684082 322.8974609375 295.81530761719 268.23822021484 242.65957641602 220.59925842285 203.40756225586 190.78073120117 180.95637512207 172.58125305176 165.1009979248 158.43180847168 153.07395935059 149.92832946777 149.12562561035 150.00201416016 152.18118286133 155.62530517578 160.27592468262 165.74508666992 171.7607421875 178.66688537598 185.78149414063 191.04066467285 194.95863342285 199.3540802002 203.87333679199 206.54161071777 208.21725463867 208.40888977051
-999 -999 -999 -999 -999 -999 -999 -999 -999 -999 -999 -999 -999 -999 -999 -999 -999 -999 -999 -999 -999 -999 -999 -999 364.98168945313 377.49267578125 357.87698364258 315.24850463867 165.52395629883 106.57943725586 135.97554016113 310.40264892578 382.86904907227 392.80642700195 379.06893920898 358.44192504883 335.43020629883 310.79928588867 285.13107299805 259.970703125 236.7639465332 216.52345275879 199.80731201172 186.47554016113 175.71562194824 166.7855682373 159.34718322754 153.35791015625 149.08108520508 146.94253540039 146.90615844727 148.45700073242 151.09788513184 154.67208862305 159.16737365723 164.13182067871 169.05732727051 173.603515625 178.16394042969 180.56904602051 181.95146179199 184.96148681641 189.43675231934 193.18670654297 197.2035369873 201.59448242188
-999 -999 -999 -999 -999 -999 -999 -999 -999 -999 -999 -999 -999 -999 -999 -999 -999 -999 -999 -999 -999 -999 -999 -999 266.47900390625 266.18563842773 181.9803314209 208.14878845215 77.284469604492 36.826274871826 86.657569885254 262.91802978516 351.15991210938 372.86999511719 365.53070068359 348.45629882813 326.61450195313 302.68615722656 278.44091796875 255.12446594238 233.58192443848 214.31376647949 197.63014221191 183.52021789551 171.72364807129 161.98661804199 154.29078674316 148.69540405273 145.20425415039 143.83242797852 144.38838195801 146.42953491211 149.35203552246 152.93905639648 157.48739624023 162.37397766113 167.14212036133 171.43585205078 173.84504699707 171.44194030762 168.45175170898 169.3674621582 173.15884399414 177.83932495117 183.12922668457 189.04296875
-999 -999 -999 -999 -999 -999 -999 -999 -999 -999 -999 -999 -999 -999 -999 -999 -999 -999 -999 -999 -999 -999 -999 77.271217346191 83.403198242188 80.827369689941 66.979148864746 58.753047943115 25.212125778198 7.9793372154236 39.893371582031 133.28900146484 285.73434448242 321.20928955078 336.728515625 335.03018188477 318.69082641602 296.80880737305 273.74215698242 251.61630249023 231.30529785156 212.65855407715 195.75566101074 181.04127502441 168.43006896973 157.86427307129 149.66033935547 144.15771484375 141.19326782227 140.35330200195 141.32484436035 143.765625 147.07955932617 151.03399658203 155.89070129395 160.82897949219 165.64100646973 169.77143859863 171.1524810791 166.43794250488 161.2912902832 160.38832092285 163.04954528809 166.93617248535 171.89192199707 176.89237976074
-999 -999 -999 -999 -999 -999 -999 -999 -999 -999 -999 -999 -999 -999 -999 -999 -999 -999 -999 -999 -999 -999 -999 20.675981521606 14.708891868591 17.062198638916 28.826057434082 39.917541503906 17.032594680786 0 12.373361587524 69.250244140625 194.26895141602 182.20071411133 282.90689086914 310.40686035156 306.57238769531 289.71200561523 266.93869018555 244.45835876465 225.52268981934 207.49855041504 190.29574584961 176.47047424316 164.81335449219 154.27807617188 145.69274902344 140.16148376465 137.50917053223 136.87901306152 137.96119689941 140.6823425293 144.68603515625 149.50389099121 154.30986022949 159.00817871094 163.36563110352 166.6079864502 166.94351196289 163.44897460938 159.39944458008 158.09420776367 159.5763092041 162.47825622559 165.69313049316 168.75421142578
-999 -999 -999 -999 -999 -999 -999 -999 -999 -999 -999 -999 -999 -999 -999 -999 -999 -999 -999 -999 -999 -999 -999 -999 -999 6.5978283882141 35.679958343506 114.52700042725 30.807767868042 0.8418989777565 0 21.438228607178 55.568470001221 93.548904418945 208.34460449219 256.59786987305 281.07989501953 276.05926513672 248.86558532715 218.88426208496 204.92668151855 187.79840087891 168.07846069336 162.521484375 158.2289276123 150.81816101074 143.13041687012 137.76507568359 135.09855651855 134.27436828613 135.06661987305 137.8371887207 142.29925537109 147.36431884766 152.21746826172 156.64605712891 160.4800567627 163.06796264648 163.40577697754 161.44648742676 159.05882263184 158.15982055664 159.16403198242 161.3165435791 163.20373535156 164.88600158691
-999 -999 -999 -999 -999 -999 -999 -999 -999 -999 -999 -999 -999 -999 -999 -999 -999 -999 -999 -999 -999 -999 -999 -999 -999 -999 -999 -999 20.41402053833 0.43032449483871 0 4.4427242279053 18.46332359314 40.360992431641 81.458862304688 140.30256652832 245.02101135254 253.85821533203 211.80796813965 140.83335876465 156.52624511719 139.76159667969 97.228393554688 131.62127685547 144.59327697754 145.68846130371 141.64237976074 137.30584716797 134.5061340332 133.38661193848 133.77249145508 136.26908874512 140.63195800781 145.43724060059 150.05485534668 154.20240783691 157.67974853516 160.04904174805 160.75424194336 159.88609313965 158.69281005859 158.33979797363 159.12933349609 160.63963317871 162.1304473877 163.63151550293
-999 -999 -999 -999 -999 -999 -999 -999 -999 -999 -999 -999 -999 -999 -999 -999 -999 -999 -999 -999 -999 -999 -999 -999 -999 -999 -999 -999 6.6213879585266 0 0.45068144798279 15.252034187317 39.712783813477 49.537986755371 62.022720336914 121.67029571533 231.82182312012 233.78009033203 146.58988952637 129.69889831543 68.457962036133 58.32897567749 65.950798034668 84.10994720459 122.44502258301 134.67646789551 138.35890197754 137.24603271484 135.13107299805 134.1400604248 134.89038085938 136.94566345215 140.224609375 144.15740966797 148.21588134766 152.00772094727 155.24012756348 157.54750061035 158.57052612305 158.39102172852 157.90341186523 157.88609313965 158.60998535156 159.87741088867 161.43424987793 163.43339538574
-999 -999 -999 -999 -999 -999 -999 -999 -999 -999 -999 -999 -999 -999 -999 -999 -999 -999 -999 -999 -999 -999 -999 -999 -999 -999 -999 3.0649306774139 0.47352975606918 0 3.8797028064728 28.906549453735 109.16765594482 118.06546020508 84.517021179199 183.72972106934 236.91111755371 227.74491882324 162.5382232666 64.736305236816 29.806020736694 42.066017150879 105.96561431885 112.99266052246 79.472053527832 111.43991851807 129.7572479248 136.10920715332 135.91394042969 135.23866271973 136.29130554199 137.98828125 140.25846862793 143.26788330078 146.71890258789 150.18522644043 153.24253845215 155.47367858887 156.63282775879 156.88034057617 156.79685974121 156.92799377441 157.59353637695 158.77572631836 160.46018981934 162.88900756836
-999 -999 -999 -999 -999 -999 -999 -999 -999 -999 -999 -999 -999 -999 -999 -999 -999 -999 -999 -999 -999 -999 -999 -999 -999 0 0 0 0 0 2.0370526313782 15.082076072693 37.375015258789 48.85998916626 70.292366027832 166.43756103516 210.63684082031 210.46928405762 117.66191864014 47.562240600586 19.344493865967 42.739528656006 119.80676269531 120.90157318115 62.96741104126 67.179985046387 118.5564956665 134.75076293945 136.50471496582 135.81050109863 136.32731628418 137.84468078613 139.8697052002 142.42481994629 145.51206970215 148.84024047852 151.82553100586 153.96560668945 155.1212310791 155.51577758789 155.59034729004 155.74261474609 156.24002075195 157.1710357666 158.62200927734 160.8419342041
-999 -999 -999 -999 -999 -999 -999 -999 -999 -999 -999 -999 -999 -999 -999 -999 -999 -999 -999 -999 -999 -999 -999 -999 -999 -999 0 0 0 0 0 2.548700094223 9.6860580444336 24.364154815674 51.544090270996 80.497497558594 119.53860473633 193.52366638184 166.44580078125 66.783180236816 24.175214767456 36.972213745117 108.37608337402 115.34149932861 61.672534942627 67.966300964355 120.22718048096 136.31652832031 137.38066101074 135.85345458984 135.76875305176 137.16804504395 139.27612304688 141.77680969238 144.75741577148 148.17260742188 151.14994812012 153.12660217285 154.09196472168 154.38619995117 154.40737915039 154.44371032715 154.66540527344 155.1238861084 155.87454223633 157.03691101074
-999 -999 -999 -999 -999 -999 -999 -999 -999 -999 -999 -999 -999 -999 -999 -999 -999 -999 -999 -999 -999 -999 -999 -999 -999 -999 -999 0 0 0 0 0 3.6448440551758 24.610609054565 91.915641784668 74.855445861816 96.042861938477 175.98417663574 165.85998535156 110.45167541504 28.747940063477 20.919759750366 49.395153045654 95.79515838623 73.25129699707 112.21311187744 133.85330200195 140.73216247559 138.88984680176 135.99980163574 135.48118591309 136.90325927734 139.18975830078 141.81639099121 144.87239074707 148.30854797363 151.20736694336 152.85252380371 153.42231750488 153.44471740723 153.3030090332 153.17509460449 153.08343505859 152.96658325195 152.76679992676 152.47134399414
-999 -999 -999 -999 -999 -999 -999 -999 -999 -999 -999 -999 -999 -999 -999 -999 -999 -999 -999 -999 -999 -999 -999 -999 -999 -999 -999 -999 0 0 0 0 1.6570980548859 17.048572540283 56.613826751709 126.86979675293 103.04257965088 141.0032043457 80.067314147949 45.255809783936 20.65323638916 15.854229927063 28.34068107605 52.481666564941 100.08697509766 122.82006072998 139.74354553223 143.93162536621 140.70025634766 136.9481048584 136.24278259277 137.57234191895 139.86364746094 142.45635986328 145.36836242676 148.63342285156 151.45614624023 152.67141723633 152.81344604492 152.60127258301 152.36665344238 152.16667175293 151.86267089844 151.23895263672 150.1456451416 148.53424072266
-999 -999 -999 -999 -999 -999 -999 -999 -999 -999 -999 -999 -999 -999 -999 -999 -999 -999 -999 -999 -999 -999 -999 -999 -999 -999 -999 -999 0 0 0 0 0.11122150719166 8.8990306854248 39.994735717773 118.44970703125 123.78945159912 62.242340087891 32.63969039917 26.30294418335 39.739356994629 51.127353668213 57.772766113281 66.237525939941 80.061294555664 97.045280456543 137.21873474121 143.22622680664 141.14974975586 138.70837402344 137.86175537109 138.71273803711 140.66622924805 142.80433654785 145.09957885742 147.857421875 150.55912780762 151.73225402832 151.91259765625 151.80526733398 151.73847961426 151.72723388672 151.44606018066 150.50714111328 148.70976257324 146.13121032715
