all/datos/01-EFM-Pronostico-de-Enero-2021-Lluvia/03_Marzo/GRDS/03_2021_Apor.grd
DSAA
390 228
-118.47924025641 -86.14575974359
14.037283991228 32.871016008772
-999 609.53955078125
[rows 145 to 173 of 228, columns 66 to 131 of 390]
-999 -999 -999 -999 -999 -999 -999 -999 -999 -999 9.8440389633179 2.824250459671 0.077071316540241 0 0 0.6688717007637 2.3512449264526 3.4962646961212 3.1916437149048 1.7539749145508 0.63503414392471 -999 -999 -999 -999 -999 -999 -999 -999 -999 -999 -999 -999 -999 -999 -999 -999 -999 -999 -999 -999 -999 -999 -999 5.4999289512634 5.2388715744019 8.6278591156006 14.13510799408 13.09027671814 9.7065563201904 7.2834286689758 6.3206577301025 5.6007423400879 5.1092925071716 5.1954445838928 5.9663209915161 7.2855734825134 8.8459892272949 10.077828407288 10.548736572266 9.4283180236816 3.3465044498444 0.49130421876907 0 0 0.77218556404114
-999 -999 -999 -999 -999 -999 -999 -999 -999 16.211736679077 7.5140542984009 2.1148509979248 0 0 0.70709449052811 4.9596943855286 13.181729316711 18.773386001587 17.670045852661 10.043278694153 -999 -999 -999 -999 -999 -999 -999 -999 -999 -999 -999 -999 -999 -999 -999 -999 -999 -999 -999 -999 -999 -999 -999 -999 -999 12.743567466736 18.863189697266 38.937412261963 24.427453994751 14.459166526794 9.5036697387695 7.7696537971497 6.2921786308289 5.2022194862366 5.1460456848145 6.0899653434753 7.5942826271057 9.0904321670532 9.7877817153931 8.2697296142578 9.381724357605 4.3600010871887 1.2051911354065 0.040851499885321 0.39874887466431 2.5175058841705
-999 -999 -999 -999 -999 -999 21.370294570923 -999 18.173490524292 17.050308227539 8.4990997314453 2.9029655456543 0.36477047204971 0.96604859828949 4.2945337295532 13.341528892517 44.251926422119 60.225440979004 58.286735534668 24.594366073608 -999 -999 -999 -999 -999 -999 -999 -999 -999 -999 -999 -999 -999 -999 -999 -999 -999 -999 -999 -999 -999 -999 -999 -999 -999 -999 28.270021438599 36.888698577881 42.836082458496 17.97589302063 9.9703855514526 7.484610080719 5.1680088043213 3.8065388202667 4.0077877044678 5.4774775505066 7.4495124816895 9.1849145889282 10.11407661438 10.284057617188 9.9359464645386 7.4606256484985 2.1994605064392 0.40671849250793 0.53190088272095 2.4704496860504
-999 -999 -999 -999 -999 27.463617324829 26.650051116943 26.213930130005 23.911783218384 16.840599060059 10.598200798035 5.0409317016602 2.2840840816498 6.0815095901489 16.109548568726 24.341962814331 42.689361572266 75.295875549316 71.089645385742 32.260143280029 -999 -999 -999 -999 -999 -999 -999 -999 -999 -999 -999 -999 -999 -999 -999 -999 -999 -999 -999 -999 -999 -999 -999 -999 -999 -999 46.355041503906 57.96346282959 31.503349304199 13.126002311707 7.491222858429 4.7395768165588 2.4886846542358 1.4789292812347 2.2575311660767 4.4000992774963 6.9622941017151 9.0661602020264 10.126391410828 10.160175323486 9.4140586853027 7.3491005897522 2.9123191833496 0.88408154249191 0.45866718888283 1.0394232273102
-999 -999 -999 30.795433044434 27.843868255615 27.327457427979 27.872097015381 28.291624069214 27.157651901245 23.109706878662 14.352999687195 7.9787888526917 5.6564526557922 15.214028358459 48.063621520996 45.778087615967 72.187767028809 76.874114990234 46.97936630249 -999 -999 -999 -999 -999 -999 -999 -999 -999 -999 -999 -999 -999 -999 -999 -999 -999 -999 -999 -999 -999 -999 -999 -999 -999 -999 -999 77.996284484863 68.665740966797 30.335235595703 11.633023262024 4.7865543365479 1.8724865913391 0.4608279466629 0.21058388054371 0.96926015615463 3.1986150741577 6.1406445503235 8.5120306015015 9.5055742263794 9.0960731506348 8.0409574508667 6.4534459114075 4.3766241073608 1.7804119586945 0.93602633476257 0.36663210391998
-999 -999 35.86527633667 28.595682144165 26.342788696289 26.463136672974 27.547086715698 28.625558853149 28.611850738525 26.460453033447 21.312696456909 12.139305114746 9.3026237487793 22.473657608032 67.393486022949 86.719169616699 90.202667236328 57.473033905029 38.748683929443 -999 -999 -999 -999 -999 -999 -999 -999 -999 -999 -999 -999 -999 -999 -999 -999 -999 -999 -999 -999 -999 -999 -999 -999 -999 -999 -999 89.014511108398 73.350578308105 30.616140365601 10.464451789856 2.9769484996796 0.16769607365131 0 0 0.33790269494057 1.9667669534683 5.0257186889648 7.2470784187317 8.0623302459717 7.5759000778198 6.4805583953857 5.1870651245117 3.9216415882111 3.0688939094543 2.6436223983765 0.35599568486214
83.632080078125 54.047931671143 35.900554656982 27.786041259766 25.684942245483 26.062860488892 27.286678314209 28.487339019775 28.831930160522 27.536262512207 24.226278305054 18.517534255981 12.612623214722 27.144281387329 78.514289855957 -999 -999 68.521148681641 -999 -999 -999 -999 -999 -999 -999 -999 -999 -999 -999 -999 -999 -999 -999 -999 -999 -999 -999 -999 -999 -999 -999 -999 -999 -999 -999 85.557205200195 90.164672851563 74.03271484375 31.744253158569 10.95093536377 2.5803854465485 0 0 0 0.129359588027 1.6604604721069 3.9946734905243 5.7821764945984 6.4303517341614 6.0972418785095 5.3132228851318 4.4657926559448 3.6207945346832 2.7876739501953 1.3249745368958 0.45330068469048
87.322372436523 66.620903015137 37.396118164063 27.964277267456 25.96738243103 26.398654937744 27.44874382019 28.191390991211 27.922988891602 26.486507415771 23.907758712769 19.19701385498 14.700624465942 32.024967193604 86.658973693848 -999 123.05570983887 112.74703979492 -999 -999 -999 -999 -999 -999 -999 -999 -999 -999 -999 -999 -999 -999 -999 -999 -999 -999 -999 -999 -999 -999 -999 -999 -999 -999 47.015621185303 72.820121765137 79.918411254883 72.068305969238 37.505542755127 15.63929271698 4.5102858543396 0.3048280775547 0 0 0.068646661937237 1.3501152992249 3.1687138080597 4.5710015296936 5.1028523445129 5.0719184875488 5.1287078857422 5.7548499107361 6.2228527069092 5.5872135162354 3.5490524768829 2.9477536678314
76.519248962402 49.891761779785 34.553333282471 28.031295776367 26.702087402344 27.112680435181 27.713983535767 27.541788101196 25.835998535156 23.43257522583 21.001934051514 14.059053421021 16.98292350769 45.117900848389 -999 124.40817260742 133.77044677734 -999 -999 -999 -999 -999 -999 -999 -999 -999 -999 -999 -999 -999 -999 -999 -999 -999 -999 -999 -999 -999 -999 19.943532943726 22.559917449951 24.812528610229 -999 28.274448394775 33.060173034668 41.458015441895 49.071582794189 64.250625610352 56.78178024292 26.343608856201 9.3478412628174 2.0208444595337 0.037590518593788 0 0.16563288867474 1.0914723873138 2.453521490097 3.579921245575 4.1070103645325 4.5277342796326 6.2267498970032 11.180261611938 16.721282958984 15.324564933777 14.627410888672 11.287191390991
49.759735107422 39.753337860107 32.154876708984 28.544826507568 27.60951423645 27.52813911438 27.10471534729 25.116291046143 22.070573806763 15.982464790344 16.528175354004 11.124864578247 19.646369934082 65.948295593262 -999 126.36128234863 -999 -999 -999 -999 -999 -999 -999 -999 -999 -999 -999 -999 -999 -999 -999 -999 -999 -999 -999 -999 -999 -999 -999 20.146421432495 22.352857589722 24.009105682373 23.97123336792 23.867683410645 25.097848892212 27.383590698242 31.057371139526 39.121246337891 54.344264984131 43.280300140381 14.25479888916 4.2664332389832 1.4585855007172 0.81423407793045 0.77071231603622 1.0897847414017 1.8230917453766 2.8050715923309 3.4116041660309 4.0991353988647 7.6164846420288 20.338249206543 47.495929718018 39.157688140869 48.139892578125 26.208738327026
40.912117004395 36.567768096924 32.812026977539 30.238941192627 28.208873748779 26.369161605835 24.714847564697 17.589393615723 14.541038513184 11.077234268188 8.8015031814575 8.1910171508789 17.980693817139 -999 -999 -999 -999 -999 -999 -999 -999 -999 -999 -999 -999 -999 -999 -999 -999 -999 -999 -999 -999 -999 -999 -999 -999 -999 20.681966781616 24.110008239746 25.503673553467 25.100299835205 23.908218383789 22.541557312012 22.367101669312 22.348167419434 23.264757156372 28.905960083008 36.280570983887 30.491138458252 15.252239227295 6.3176898956299 3.4668481349945 2.5974962711334 2.1528267860413 1.8759895563126 2.0188057422638 2.7240936756134 3.0579473972321 3.3117220401764 6.8466334342957 24.617580413818 64.324310302734 73.928955078125 65.969772338867 34.490364074707
40.412445068359 37.858860015869 35.312637329102 32.583587646484 28.31796836853 20.008453369141 20.885013580322 14.516204833984 16.172430038452 9.4843196868896 6.89333152771 7.9756751060486 17.490924835205 -999 -999 -999 -999 -999 -999 -999 -999 -999 -999 -999 -999 -999 -999 -999 -999 -999 -999 -999 -999 -999 -999 -999 -999 21.569208145142 27.665199279785 37.549934387207 37.97144317627 30.068487167358 26.346223831177 24.026212692261 23.165166854858 22.848609924316 22.222038269043 29.009998321533 49.813888549805 43.259574890137 17.133590698242 8.4152421951294 5.9760065078735 5.1485376358032 4.4522023200989 3.5582387447357 2.8678848743439 2.8422229290009 2.6249089241028 1.4755898714066 5.9011664390564 24.940273284912 67.895164489746 80.789939880371 71.916618347168 38.414600372314
42.264751434326 40.503314971924 38.48201751709 35.762439727783 30.413780212402 18.955390930176 14.497818946838 12.393763542175 12.028382301331 10.334011077881 10.067918777466 13.560935974121 23.423408508301 -999 -999 -999 -999 -999 -999 -999 -999 -999 -999 -999 -999 -999 -999 -999 -999 -999 -999 -999 -999 -999 -999 -999 22.541528701782 29.414026260376 41.031658172607 45.68132019043 44.789371490479 35.514312744141 30.326293945313 27.247386932373 27.083684921265 30.520168304443 23.656915664673 26.979019165039 44.119598388672 26.100116729736 15.154808998108 10.320029258728 8.9379577636719 8.3733072280884 7.600353717804 5.968635559082 2.7253134250641 1.6444084644318 1.3244340419769 0.86334234476089 4.688898563385 20.228603363037 56.115341186523 66.965179443359 63.474098205566 52.131778717041
44.176792144775 43.05513381958 41.887073516846 40.686088562012 37.958515167236 27.92964553833 20.372764587402 18.594118118286 21.396448135376 20.756755828857 22.241804122925 -999 -999 -999 -999 -999 -999 -999 -999 -999 -999 -999 -999 -999 -999 -999 -999 -999 -999 -999 -999 -999 -999 21.464359283447 19.247135162354 22.796285629272 31.034534454346 43.881267547607 48.031852722168 48.649471282959 47.193325042725 43.84691619873 39.636096954346 32.436405181885 35.36999130249 33.190040588379 26.352600097656 19.781631469727 20.633731842041 16.965759277344 13.59677696228 12.39085483551 12.170813560486 11.996152877808 11.332497596741 9.3346681594849 4.4691939353943 2.3348331451416 3.6628038883209 1.2568546533585 3.7086443901062 14.012462615967 21.545627593994 26.418701171875 25.991277694702 22.201263427734
45.554046630859 45.173515319824 45.825359344482 49.022136688232 55.248275756836 64.676406860352 44.632247924805 43.604995727539 63.849239349365 49.128475189209 -999 -999 -999 -999 -999 -999 -999 -999 -999 -999 -999 -999 -999 -999 -999 -999 -999 -999 -999 -999 -999 -999 41.473510742188 33.702827453613 27.057411193848 30.147026062012 44.323623657227 50.357707977295 49.827953338623 47.349655151367 45.208377838135 43.569053649902 41.98006439209 39.871467590332 36.577304840088 28.251220703125 14.299006462097 12.266730308533 12.438859939575 12.673846244812 13.130340576172 14.130334854126 14.972666740417 15.458274841309 15.156401634216 13.236572265625 9.3219709396362 3.7465786933899 2.5261704921722 2.3833563327789 4.1667327880859 7.9675416946411 11.135600090027 12.566590309143 12.280138969421 10.735803604126
46.390911102295 47.066246032715 50.822757720947 61.683280944824 85.093635559082 95.39818572998 94.677619934082 96.1865234375 101.76751708984 98.463447570801 -999 -999 -999 -999 -999 -999 -999 -999 -999 -999 -999 -999 -999 -999 -999 -999 -999 -999 -999 105.63771057129 -999 66.27619934082 76.982139587402 68.963829040527 39.196823120117 38.524227142334 43.065975189209 46.973720550537 45.050407409668 41.786354064941 39.313331604004 37.607349395752 36.438179016113 35.318748474121 28.409662246704 12.691111564636 6.2056035995483 5.4329628944397 6.8544445037842 8.6474361419678 10.608332633972 13.86049079895 15.87131023407 17.993974685669 18.538850784302 16.373687744141 10.163760185242 6.8111615180969 5.7783679962158 6.0953679084778 7.5972609519958 10.11038684845 12.240057945251 12.803070068359 12.079921722412 10.725024223328
46.547546386719 48.104000091553 54.452449798584 77.605545043945 98.148963928223 113.21485900879 120.07496643066 123.01237487793 124.44048309326 -999 -999 -999 -999 -999 -999 -999 -999 -999 -999 -999 -999 -999 -999 -999 -999 -999 -999 -999 -999 -999 100.14054107666 89.727600097656 89.083236694336 79.292816162109 48.6513671875 28.681114196777 25.633543014526 34.097511291504 32.664428710938 30.036989212036 28.101552963257 26.523918151855 20.721879959106 23.297731399536 10.833724021912 4.063169002533 1.6513686180115 2.5144543647766 4.7429814338684 7.3860664367676 10.032057762146 10.760427474976 13.675747871399 19.972091674805 21.459053039551 19.612850189209 13.943542480469 11.421427726746 10.705875396729 10.871199607849 12.02289390564 14.510926246643 16.637607574463 16.802433013916 15.595131874084 13.977984428406
45.712532043457 47.441383361816 52.076805114746 64.683967590332 92.947151184082 113.46868896484 125.54579162598 130.68486022949 132.2347869873 -999 -999 -999 -999 -999 -999 -999 -999 -999 -999 -999 -999 -999 -999 -999 -999 -999 -999 -999 -999 -999 94.11051940918 72.996879577637 79.516181945801 70.305923461914 38.696060180664 40.161838531494 27.907838821411 17.775800704956 11.738651275635 9.3779277801514 8.9339218139648 10.243335723877 16.049451828003 7.9005150794983 3.0545229911804 0.4975201189518 0.012761300429702 1.1442983150482 3.5654165744781 6.5457577705383 10.552285194397 16.699728012085 20.161907196045 22.791082382202 24.002393722534 23.135480880737 19.204378128052 17.661516189575 16.870237350464 16.217216491699 16.868709564209 18.988534927368 20.955720901489 20.479829788208 18.903751373291 17.204742431641
43.687431335449 45.391773223877 48.131675720215 55.304679870605 72.068778991699 104.12315368652 120.51717376709 128.17575073242 -999 -999 -999 -999 -999 -999 -999 -999 -999 -999 -999 -999 -999 -999 -999 -999 -999 -999 -999 -999 -999 -999 92.356330871582 79.913421630859 67.510803222656 37.889469146729 31.950174331665 55.766967773438 54.16491317749 18.258981704712 4.5819201469421 1.149059176445 1.1224570274353 2.6227304935455 4.000346660614 2.4210541248322 0.51596051454544 0 0 0.36775612831116 2.3485691547394 4.9976005554199 9.6871824264526 17.739593505859 22.148941040039 24.516843795776 25.891820907593 26.443290710449 26.285436630249 26.0446434021 24.947784423828 21.427366256714 21.115947723389 22.314371109009 23.226337432861 22.618591308594 21.125913619995 19.717761993408
41.004844665527 42.703414916992 44.971408843994 50.158397674561 63.686862945557 94.258491516113 -999 -999 -999 -999 -999 -999 -999 -999 -999 -999 -999 -999 -999 -999 -999 -999 -999 -999 -999 -999 -999 -999 -999 58.521362304688 70.355743408203 43.513401031494 29.807712554932 20.625967025757 21.049867630005 32.336601257324 49.05687713623 16.178220748901 2.5233459472656 0 0 1.0037039518356 2.9859101772308 2.8170306682587 1.0372800827026 0 0 0 1.1419025659561 2.0444345474243 5.7353620529175 15.328002929688 21.434803009033 24.890048980713 26.955659866333 28.520627975464 29.650035858154 29.922508239746 28.586532592773 24.992303848267 24.267377853394 24.660097122192 24.799402236938 24.053695678711 22.817735671997 21.974710464478
38.391681671143 40.169101715088 42.570838928223 47.692749023438 -999 -999 -999 -999 -999 -999 -999 -999 -999 -999 -999 -999 -999 -999 -999 -999 -999 -999 -999 -999 -999 -999 -999 -999 -999 -999 33.503684997559 24.483098983765 14.266494750977 12.879469871521 14.232892990112 19.424997329712 21.036518096924 10.017992019653 1.6723027229309 0 0 2.7814528942108 8.8556022644043 9.0606918334961 3.7722454071045 0.70729064941406 0 0 0.70923727750778 1.2112550735474 3.6109118461609 9.3649845123291 19.863828659058 24.744613647461 27.462230682373 29.590309143066 31.048578262329 31.063201904297 28.559286117554 27.247764587402 26.760313034058 26.737028121948 26.563791275024 25.955345153809 25.226980209351 25.303771972656
36.249603271484 38.082763671875 40.703281402588 45.871566772461 -999 -999 -999 -999 -999 -999 -999 -999 -999 -999 -999 -999 -999 -999 -999 -999 -999 -999 -999 -999 -999 -999 -999 -999 -999 -999 25.771390914917 21.425161361694 17.047439575195 11.308279037476 11.828455924988 17.14017868042 17.037826538086 11.702960014343 3.2778360843658 0.83216035366058 1.7821387052536 5.7235059738159 13.397427558899 13.578936576843 8.7443971633911 1.7697262763977 0 0 1.2426865100861 3.6605043411255 6.2087259292603 10.740029335022 20.465581893921 25.141561508179 27.922588348389 30.321157455444 31.897815704346 30.807464599609 30.648097991943 30.007123947144 29.429069519043 29.157819747925 29.054904937744 29.151847839355 29.80354309082 31.757034301758
34.803958892822 36.65563583374 39.500938415527 44.747932434082 -999 -999 -999 -999 -999 -999 -999 -999 -999 -999 -999 -999 -999 -999 -999 -999 -999 -999 -999 -999 -999 120.94774627686 -999 -999 40.049865722656 30.767736434937 27.141609191895 25.298580169678 23.519226074219 21.71422958374 21.515937805176 22.39959526062 21.632263183594 17.261156082153 8.3473672866821 7.0400505065918 8.3201913833618 11.532606124878 18.349691390991 17.175563812256 8.5034885406494 2.4929206371307 0 0.18361523747444 3.2421715259552 11.370874404907 15.714718818665 19.879251480103 24.651365280151 27.598220825195 29.265548706055 31.447305679321 33.780353546143 34.114200592041 36.211357116699 34.485473632813 33.526256561279 32.882141113281 32.879077911377 34.284641265869 37.354789733887 41.487098693848
34.237934112549 36.179824829102 39.401382446289 45.065231323242 -999 -999 -999 -999 -999 -999 -999 -999 -999 -999 -999 -999 -999 -999 -999 -999 -999 -999 -999 93.258285522461 123.38187408447 123.20217132568 98.40308380127 54.263824462891 37.228603363037 31.927484512329 30.626131057739 30.17907333374 29.684122085571 29.137187957764 28.910396575928 28.868310928345 28.082124710083 24.963665008545 17.901092529297 21.882213592529 23.18275642395 23.996295928955 24.393747329712 21.778148651123 14.995364189148 4.3564529418945 0.80780464410782 0.85050809383392 4.1080851554871 13.461231231689 20.1328125 27.051820755005 34.269981384277 35.607730865479 32.988594055176 33.664745330811 37.453662872314 41.663459777832 42.629779815674 42.583702087402 41.640808105469 40.155578613281 39.251190185547 42.062229156494 50.198657989502 54.764232635498
35.004817962646 37.070064544678 40.84224319458 -999 -999 -999 -999 -999 -999 -999 -999 -999 -999 -999 -999 -999 -999 -999 -999 -999 -999 56.94128036499 88.595245361328 106.94345092773 124.02928924561 117.48392486572 72.869293212891 46.912952423096 36.603103637695 34.259010314941 34.220054626465 34.401863098145 34.34326171875 34.178470611572 34.119720458984 34.182415008545 34.007038116455 33.012435913086 31.800943374634 32.193340301514 32.167057037354 31.081527709961 29.059703826904 25.37449836731 18.322566986084 6.6840028762817 2.8356730937958 2.9358108043671 4.5807857513428 10.176086425781 21.781295776367 33.81986618042 55.414157867432 53.998249053955 37.720569610596 37.321533203125 42.685558319092 52.697059631348 57.201141357422 58.136402130127 57.168151855469 54.464462280273 48.491817474365 53.419219970703 57.826934814453 60.944499969482
37.538383483887 39.577373504639 43.846939086914 -999 -999 -999 -999 -999 -999 -999 -999 -999 -999 -999 -999 -999 -999 -999 -999 -999 -999 43.209518432617 56.92008972168 79.734146118164 118.25606536865 113.8653793335 67.974349975586 45.350868225098 37.873050689697 36.757503509521 37.250316619873 37.630168914795 37.68533706665 37.643936157227 37.755756378174 38.0920753479 38.501682281494 38.705448150635 38.645782470703 38.349609375 37.317245483398 34.803874969482 31.067625045776 26.593524932861 19.284034729004 8.8333225250244 5.8252367973328 8.7412052154541 6.979615688324 11.711055755615 22.896837234497 34.55810546875 54.056240081787 42.238182067871 37.95775604248 44.005180358887 48.342376708984 59.064586639404 64.570617675781 65.835456848145 64.975028991699 62.527854919434 58.93314743042 59.51770401001 61.675842285156 63.590606689453
41.068538665771 43.429370880127 48.46399307251 -999 -999 -999 -999 -999 -999 -999 -999 -999 -999 -999 -999 -999 -999 -999 -999 -999 33.836719512939 36.147613525391 48.004253387451 74.023864746094 115.27934265137 115.58585357666 75.015045166016 50.316902160645 40.661079406738 39.036170959473 39.462265014648 39.817989349365 39.84655380249 39.83109664917 40.046257019043 40.591236114502 41.376461029053 42.059951782227 42.211235046387 41.681056976318 40.22091293335 36.631374359131 29.142246246338 25.458057403564 16.134700775146 9.9088878631592 7.2923440933228 7.3798208236694 9.1995487213135 16.786567687988 23.873630523682 30.794546127319 36.127872467041 35.713302612305 37.514038085938 46.900882720947 54.957546234131 62.190464019775 66.719879150391 67.98934173584 67.502861022949 65.736312866211 62.597366333008 62.203979492188 63.362857818604 64.863945007324
44.584922790527 47.736103057861 -999 -999 -999 -999 -999 -999 -999 -999 -999 -999 -999 -999 -999 -999 -999 -999 -999 32.832313537598 30.79768371582 34.016723632813 46.96537399292 84.596946716309 107.58890533447 115.45498657227 98.738540649414 58.066570281982 43.919612884521 40.961517333984 40.859230041504 40.9313621521 40.855823516846 40.817584991455 41.024791717529 41.605369567871 42.532466888428 43.440525054932 43.57691192627 42.862968444824 41.5166015625 38.249717712402 30.456785202026 23.199325561523 16.40767288208 11.57577419281 9.0622806549072 8.7282247543335 10.806878089905 16.005081176758 24.765830993652 30.284618377686 33.729721069336 35.12614440918 38.640727996826 46.092788696289 56.456443786621 62.363040924072 65.748802185059 67.186981201172 67.353233337402 66.417068481445 63.825508117676 63.218688964844 64.056625366211 65.507263183594
47.513782501221 51.414627075195 -999 -999 -999 -999 -999 -999 -999 -999 -999 -999 -999 -999 -999 -999 -999 -999 38.053768157959 30.179849624634 29.465551376343 32.441345214844 40.375415802002 54.323806762695 70.636367797852 98.195259094238 93.993392944336 59.827545166016 47.753971099854 43.446571350098 41.821544647217 41.205604553223 40.90705871582 40.759258270264 40.831169128418 41.181453704834 41.830963134766 42.547920227051 42.562606811523 41.816650390625 40.861553192139 38.845561981201 34.016445159912 25.378004074097 19.125158309937 15.392553329468 13.18191242218 12.721282958984 14.503523826599 18.725301742554 26.96328163147 33.907920837402 40.336841583252 39.169086456299 42.76460647583 51.411743164063 57.298595428467 61.181102752686 63.636829376221 65.15315246582 66.004577636719 66.153945922852 65.351608276367 63.650382995605 64.119750976563 65.460609436035
