all/datos/01-EFM-Pronostico-de-Enero-2021-Lluvia/03_Marzo/GRDS/03_2021_Prp.grd
DSAA
390 228
-118.47924025641 -86.14575974359
14.037283991228 32.871016008772
-999 130.51545715332
[rows 87 to 115 of 228, columns 132 to 197 of 390]
-999 -999 -999 -999 -999 -999 -999 -999 -999 -999 -999 -999 -999 -999 -999 -999 -999 -999 -999 -999 -999 -999 -999 -999 -999 -999 -999 -999 0 0 0 0 0 0.079665474593639 0.41496247053146 0.89566969871521 0.92550820112228 0.56514120101929 0.4535009264946 0.93649613857269 2.7497143745422 3.6208186149597 3.9260568618774 3.9979522228241 4.0831799507141 4.3349523544312 4.6701092720032 4.7044320106506 4.665463924408 4.4317317008972 4.1171417236328 3.9141552448273 3.8352091312408 3.8966541290283 4.0774040222168 4.3175702095032 4.5558547973633 4.7435116767883 4.886167049408 5.0216002464294 5.1879072189331 5.4052410125732 5.6618704795837 5.9380588531494 6.2241058349609 6.5197186470032
-999 -999 -999 -999 -999 -999 -999 -999 -999 -999 -999 -999 -999 -999 -999 -999 -999 -999 -999 -999 -999 -999 -999 -999 -999 -999 -999 -999 0 0 0 0 0 0 0.059309545904398 0.15297992527485 0.21311388909817 0.41471925377846 0.97727298736572 1.7144984006882 2.7931532859802 4.5669589042664 4.9476103782654 4.7845754623413 4.3854269981384 4.2114644050598 4.1549987792969 3.5064055919647 4.5660095214844 4.6058650016785 4.3331384658813 4.0685367584229 3.908723115921 3.8963050842285 4.0322575569153 4.2487301826477 4.4691691398621 4.6328344345093 4.7444367408752 4.8529887199402 5.0091314315796 5.2379155158997 5.5165109634399 5.8184995651245 6.1289148330688 6.4450931549072
-999 -999 -999 -999 -999 -999 -999 -999 -999 -999 -999 -999 -999 -999 -999 -999 -999 -999 -999 -999 -999 -999 -999 -999 -999 -999 -999 -999 0 0 0 0 0 0 0 0 0.066183224320412 0.61309063434601 2.5515830516815 3.7142305374146 4.5290627479553 5.1305370330811 5.259654045105 4.835663318634 3.3451151847839 2.9484918117523 3.1276726722717 4.3890881538391 4.8636455535889 4.8607439994812 4.5888576507568 4.2815504074097 4.0477623939514 3.9494943618774 4.0280432701111 4.2112612724304 4.4149317741394 4.5573587417603 4.6274285316467 4.7023873329163 4.8548593521118 5.0924515724182 5.388135433197 5.7105293273926 6.0377640724182 6.3679265975952
-999 -999 -999 -999 -999 -999 -999 -999 -999 -999 -999 -999 -999 0 -999 -999 -999 -999 -999 -999 -999 -999 -999 -999 -999 -999 -999 -999 0 0 0 0 0 0 0 0 0.00084471423178911 0.41213324666023 1.5341838598251 3.7761533260345 4.9035367965698 5.3458943367004 5.3698287010193 5.1032958030701 4.6560225486755 4.4754014015198 4.6515831947327 5.0553984642029 5.2431797981262 5.1363611221313 4.8464007377625 4.5117402076721 4.2219944000244 4.048011302948 4.0397124290466 4.172456741333 4.3652167320251 4.5011286735535 4.5277729034424 4.5707230567932 4.7155079841614 4.9594297409058 5.2713527679443 5.6108584403992 5.9472761154175 6.2803792953491
-999 -999 -999 -999 -999 -999 -999 -999 -999 -999 -999 -999 0 -999 -999 -999 -999 -999 -999 -999 -999 -999 -999 -999 -999 -999 0 0 0 0 0 0 0 0 0 0 0 0.18308934569359 1.0051612854004 2.5831351280212 4.7058358192444 5.3041968345642 5.3745102882385 5.2982110977173 5.2128124237061 5.2188940048218 5.3358163833618 5.4818477630615 5.5206871032715 5.3837275505066 5.09437084198 4.7371635437012 4.3873267173767 4.1258215904236 4.0180144309998 4.0800919532776 4.2523798942566 4.397753238678 4.4144988059998 4.4480009078979 4.58158826828 4.8282861709595 5.1569013595581 5.5098595619202 5.8415780067444 6.1557011604309
-999 -999 -999 -999 -999 -999 -999 -999 -999 -999 -999 0 -999 -999 -999 -999 -999 -999 -999 -999 -999 -999 -999 -999 -999 0 0 0 0 0.00087698310380802 0 0 0 0 0 0 0 0.13729818165302 1.0651696920395 3.460606098175 4.7662925720215 5.2278981208801 5.299916267395 5.2890667915344 5.3039035797119 5.3816823959351 5.5167622566223 5.6540293693542 5.7088589668274 5.604606628418 5.329288482666 4.9329781532288 4.5107011795044 4.1564235687256 3.9462637901306 3.9263179302216 4.0542449951172 4.1873998641968 4.2515783309937 4.3192720413208 4.4582071304321 4.7035975456238 5.0377926826477 5.3837118148804 5.6890015602112 5.9568004608154
-999 -999 -999 -999 -999 -999 -999 -999 -999 -999 -999 -999 -999 -999 -999 -999 -999 -999 -999 -999 -999 -999 -999 -999 -999 0 0.00074919749749824 -999 0.010522750206292 0.018145795911551 0.0051560457795858 0 0 0 0 0 0 0.16676396131516 1.2028315067291 3.68621134758 4.8114109039307 5.1397914886475 5.1863737106323 5.1857662200928 5.2175488471985 5.3159074783325 5.4854202270508 5.6730890274048 5.7973990440369 5.7403163909912 5.4552040100098 5.0307588577271 4.5693907737732 4.165994644165 3.8878657817841 3.8063545227051 3.8980157375336 4.0169229507446 4.116081237793 4.2474660873413 4.4119114875793 4.6363844871521 4.9175343513489 5.1826090812683 5.4433913230896 5.6531138420105
-999 -999 -999 -999 -999 -999 -999 -999 -999 -999 -999 -999 -999 -999 -999 -999 -999 -999 -999 -999 -999 -999 -999 -999 0 0.022253384813666 0.049264017492533 0.035570420324802 0.026395279914141 -999 0.007786946836859 0 0 0 0 0 0 0.23359769582748 1.307713508606 3.7168562412262 4.7474303245544 5.0226697921753 5.0615019798279 5.0670008659363 5.0979986190796 5.1790089607239 5.3327474594116 5.5123610496521 5.6855440139771 5.6726317405701 5.3699946403503 4.9615616798401 4.5541248321533 4.1965832710266 3.9285664558411 3.8212974071503 3.8729434013367 3.9703228473663 4.100546836853 4.3232545852661 4.5365281105042 4.6887631416321 4.7990851402283 4.908061504364 5.0941152572632 5.3153667449951
-999 -999 -999 -999 -999 -999 -999 -999 -999 -999 -999 -999 -999 -999 -999 -999 -999 -999 -999 -999 -999 -999 -999 -999 0.0084626134485006 0.12898531556129 0.2364354133606 0.13011379539967 0.03060382977128 0.0020732739940286 0 0 0 0 0 0 0 0.45269471406937 1.6629749536514 3.8316924571991 4.6727380752563 4.8963618278503 4.9418253898621 4.967836856842 5.0125169754028 5.063759803772 5.0463356971741 5.0189409255981 5.287944316864 5.3609304428101 5.1113801002502 4.7794208526611 4.4926629066467 4.2447338104248 4.0300045013428 3.9217085838318 3.9616944789886 4.0881099700928 4.2900309562683 4.5657939910889 4.7598714828491 4.7911596298218 4.7237324714661 4.7482271194458 4.88831615448 5.0955028533936
-999 -999 -999 -999 -999 -999 -999 -999 -999 -999 -999 -999 -999 -999 -999 -999 -999 -999 -999 -999 -999 -999 -999 0 0.041567098349333 0.26055315136909 0.81854432821274 0.25036457180977 0.032807629555464 0 0 0 0 0 0 0 0.11673641949892 0.88565236330032 2.8993892669678 4.0931625366211 4.6115875244141 4.7699031829834 4.8285512924194 4.8852763175964 4.9539666175842 4.9816617965698 4.7683300971985 3.837146282196 4.8759827613831 5.0740919113159 4.8888244628906 4.6324586868286 4.4437503814697 4.2931385040283 4.1520833969116 4.0733971595764 4.1409978866577 4.3521456718445 4.6397709846497 4.9301867485046 5.0512566566467 4.9318351745605 4.7331848144531 4.7183060646057 4.8419270515442 5.0165500640869
-999 -999 -999 -999 -999 -999 -999 -999 -999 -999 -999 -999 -999 -999 -999 -999 -999 -999 -999 -999 -999 -999 -999 0 0.05500203743577 0.27088871598244 0.47554478049278 0.2614903151989 0.046411719173193 0 7.8194570960477E-05 0.058009244501591 0.10047990828753 0.095512695610523 0.043979234993458 0.040115527808666 0.37100228667259 1.3931226730347 3.3410947322845 4.2018313407898 4.5188159942627 4.6379942893982 4.7156925201416 4.8037586212158 4.9039039611816 4.9719853401184 4.9060192108154 4.7814517021179 4.9406838417053 4.968400478363 4.787980556488 4.5761604309082 4.4644408226013 4.3833622932434 4.3110399246216 4.2998285293579 4.4213261604309 4.6850953102112 5.0444631576538 5.3663311004639 5.4428744316101 5.2074670791626 4.8860487937927 4.7613940238953 4.8359026908875 5.0034704208374
-999 -999 -999 -999 -999 -999 -999 -999 -999 -999 -999 -999 -999 -999 -999 -999 -999 -999 -999 -999 -999 -999 -999 0 0.08738461881876 0.38697457313538 0.98160547018051 0.42843359708786 0.18485586345196 0.14506286382675 0.26059946417809 0.51537621021271 0.70059537887573 0.73853331804276 0.59609079360962 0.40406295657158 0.80805563926697 2.5017917156219 3.6189541816711 4.171977519989 4.3909206390381 4.501284122467 4.59907579422 4.7129487991333 4.8436741828918 4.9719877243042 5.0620641708374 5.1041989326477 5.097240447998 4.9919219017029 4.8157124519348 4.6602725982666 4.5879807472229 4.5265941619873 4.4857940673828 4.509786605835 4.6515917778015 4.9365711212158 5.3359155654907 5.7088809013367 5.7848238945007 5.4967827796936 5.046395778656 4.7824611663818 4.8172760009766 5.0153584480286
-999 -999 -999 -999 -999 -999 -999 -999 -999 -999 -999 -999 -999 -999 -999 -999 -999 -999 -999 -999 -999 -999 -999 0 0.17632128298283 0.56775689125061 1.1792079210281 0.80236160755157 0.69924908876419 0.73257744312286 0.92236399650574 1.7065482139587 2.1511399745941 2.3211050033569 2.0992791652679 1.1709679365158 1.2973319292068 2.8547620773315 3.7108592987061 4.0868239402771 4.2554278373718 4.3659195899963 4.4783630371094 4.6097378730774 4.7612171173096 4.9276542663574 5.0914440155029 5.2030701637268 5.1832394599915 5.0514230728149 4.9115209579468 4.8085813522339 4.7417593002319 4.6789145469666 4.6336832046509 4.6445541381836 4.7568521499634 5.0128836631775 5.3879742622375 5.7319922447205 5.8357968330383 5.6194653511047 5.1311235427856 4.8031849861145 4.799934387207 5.0414137840271
-999 -999 -999 -999 -999 -999 -999 -999 -999 -999 -999 -999 -999 -999 -999 -999 -999 -999 -999 -999 -999 -999 -999 0.051200032234192 0.32676249742508 1.0672696828842 1.1313773393631 1.6750502586365 1.9223763942719 2.0939600467682 2.1815068721771 1.9585287570953 2.8172817230225 3.0977396965027 2.9993891716003 2.5872497558594 2.0107760429382 3.1390237808228 3.7397592067719 4.004508972168 4.1356472969055 4.2387547492981 4.3569598197937 4.500403881073 4.6651549339294 4.8481297492981 5.0454521179199 5.2045683860779 5.2125945091248 5.1073460578918 5.0198240280151 4.9530277252197 4.887713432312 4.8091707229614 4.7394180297852 4.7146544456482 4.768280506134 4.9507741928101 5.2554588317871 5.5267400741577 5.6154704093933 5.4402546882629 5.0719857215881 4.8000864982605 4.8219380378723 5.0528526306152
-999 -999 -999 -999 -999 -999 -999 -999 -999 -999 -999 -999 -999 -999 -999 -999 -999 -999 -999 -999 -999 -999 0.13437646627426 0.13294810056686 0.42639315128326 1.2409189939499 1.6599702835083 2.0684061050415 2.4644885063171 2.7389552593231 2.882054567337 2.9906802177429 3.2688946723938 3.4618244171143 3.4736299514771 3.3426141738892 3.266480922699 3.5359258651733 3.815333366394 3.9634430408478 4.04376745224 4.1234064102173 4.2406945228577 4.4005899429321 4.5856657028198 4.7805519104004 4.9860258102417 5.1569976806641 5.2113656997681 5.1771311759949 5.128228187561 5.0778045654297 5.009015083313 4.9094123840332 4.8056583404541 4.7443876266479 4.7558450698853 4.8709321022034 5.0753374099731 5.2609992027283 5.3266954421997 5.2236714363098 5.0039463043213 4.8474922180176 4.9334797859192 5.1643013954163
-999 -999 -999 -999 -999 -999 -999 -999 -999 -999 -999 -999 -999 -999 -999 -999 -999 -999 -999 -999 -999 -999 0.46587267518044 0.24024251103401 0.52337753772736 1.2805361747742 1.7357777357101 2.1526234149933 2.6183540821075 2.9891066551208 3.2414846420288 3.4222302436829 3.5796413421631 3.6899569034576 3.7312319278717 3.7233984470367 3.7312440872192 3.8082673549652 3.904764175415 3.9570715427399 3.978443145752 4.0236353874207 4.139009475708 4.3279843330383 4.5514440536499 4.7785139083862 4.9926629066467 5.1572179794312 5.2359671592712 5.2492113113403 5.2289628982544 5.1849632263184 5.1082916259766 4.9843082427979 4.8398914337158 4.7484488487244 4.7373018264771 4.8024520874023 4.9180812835693 5.0253601074219 5.0784301757813 5.0692481994629 5.0277533531189 5.0382037162781 5.1751532554626 5.389063835144
-999 -999 -999 -999 -999 -999 -999 -999 -999 -999 -999 -999 -999 -999 -999 -999 -999 -999 -999 -999 -999 0.39309018850327 -999 0.33088782429695 0.84013092517853 1.3264508247375 1.7441271543503 2.1956942081451 2.701164484024 3.1496553421021 3.4748291969299 3.685478925705 3.816370010376 3.8907876014709 3.9230825901031 3.9302539825439 3.9344642162323 3.9500143527985 3.9659922122955 3.9592926502228 3.9411783218384 3.958637714386 4.0748949050903 4.3018250465393 4.5641069412231 4.8148837089539 5.0322613716125 5.1952953338623 5.28493309021 5.322940826416 5.3167090415955 5.2727618217468 5.1883573532104 5.049036026001 4.8629837036133 4.7553405761719 4.7359757423401 4.7619075775146 4.8042030334473 4.8379492759705 4.8715324401855 4.9421558380127 5.0724787712097 5.2632327079773 5.4472069740295 5.6495332717896
-999 -999 -999 -999 -999 -999 -999 -999 -999 -999 -999 -999 -999 -999 -999 -999 -999 -999 -999 -999 -999 0.86950081586838 0.70684599876404 0.67307621240616 0.90208822488785 1.4997938871384 1.9305757284164 2.3479475975037 2.886736869812 3.3902406692505 3.7488543987274 3.9594624042511 4.0664215087891 4.1092376708984 4.1136684417725 4.0970425605774 4.0721616744995 4.0458188056946 4.0154542922974 3.9771864414215 3.9465634822845 3.9664998054504 4.0964260101318 4.3364458084106 4.5977511405945 4.8067712783813 4.9633355140686 5.1303834915161 5.2788043022156 5.3703923225403 5.3831562995911 5.336902141571 5.2445254325867 5.098256111145 4.9115386009216 4.8149738311768 4.7899465560913 4.775999546051 4.7468876838684 4.7002472877502 4.6853232383728 4.8005466461182 5.0421476364136 5.3319716453552 5.5992431640625 5.8264994621277
-999 -999 -999 -999 -999 -999 -999 -999 -999 -999 -999 -999 -999 -999 -999 -999 -999 -999 -999 -999 2.0848793983459 2.1204211711884 1.9650574922562 1.6820597648621 1.7576138973236 2.0294742584229 2.3355565071106 2.6670980453491 3.2235291004181 3.7601308822632 4.1096701622009 4.2849907875061 4.3507599830627 4.3527965545654 4.3181467056274 4.2636675834656 4.2006096839905 4.1359820365906 4.0730404853821 4.0173478126526 3.9879996776581 4.0237994194031 4.1665239334106 4.4002509117126 4.6117310523987 4.6368594169617 4.4785652160645 4.6196374893188 5.075843334198 5.3607969284058 5.4223279953003 5.3773655891418 5.2843174934387 5.1613821983337 5.0357131958008 4.9573473930359 4.908411026001 4.8489356040955 4.7560925483704 4.6352863311768 4.540105342865 4.6727485656738 4.9670186042786 5.3071904182434 5.6129388809204 5.8407349586487
-999 -999 -999 -999 -999 -999 -999 -999 -999 -999 -999 -999 -999 -999 -999 -999 -999 -999 2.5802133083344 2.7266809940338 2.7692520618439 2.6919016838074 2.4023265838623 2.3202919960022 2.423225402832 2.6400637626648 2.8802835941315 3.1235764026642 3.6771454811096 4.2164611816406 4.5134696960449 4.634174823761 4.652606010437 4.6107239723206 4.5324177742004 4.4344530105591 4.3296360969543 4.2279329299927 4.1375188827515 4.0676736831665 4.0364050865173 4.0742316246033 4.2150540351868 4.4453349113464 4.63294506073 4.4746737480164 3.3165447711945 3.4264316558838 4.8816757202148 5.353404045105 5.4408807754517 5.3907294273376 5.3041067123413 5.2167248725891 5.1480398178101 5.1011457443237 5.0404124259949 4.9561877250671 4.8275947570801 4.6604971885681 4.5444192886353 4.6399240493774 4.9069685935974 5.2339553833008 5.5297770500183 5.7272186279297
-999 -999 -999 -999 -999 -999 -999 -999 -999 -999 -999 -999 -999 -999 -999 -999 -999 -999 2.8223333358765 3.0029094219208 3.0399005413055 2.805632352829 2.7050061225891 2.7834146022797 3.0023872852325 3.2855982780457 3.547616481781 3.7129001617432 4.1612372398376 4.6197400093079 4.8747634887695 4.9638624191284 4.9498386383057 4.8703503608704 4.7487645149231 4.604462146759 4.455470085144 4.3162527084351 4.1984558105469 4.1134905815125 4.0761966705322 4.1074514389038 4.2347493171692 4.4777979850769 4.7212896347046 4.7777614593506 4.6250014305115 4.7428407669067 5.1644406318665 5.4057760238647 5.4303388595581 5.3638100624084 5.281195640564 5.2157802581787 5.174307346344 5.1470122337341 5.1137156486511 5.04558801651 4.929132938385 4.7670283317566 4.6459455490112 4.6801791191101 4.8645782470703 5.1193289756775 5.3609290122986 5.5292634963989
-999 -999 -999 -999 -999 -999 -999 -999 -999 -999 -999 -999 -999 -999 -999 -999 -999 2.6958222389221 2.9210314750671 3.0926406383514 3.1515276432037 2.9923725128174 3.0371656417847 3.2723948955536 3.6157381534576 3.9934356212616 4.3137335777283 4.4112930297852 4.6808304786682 4.9867482185364 5.1952061653137 5.2723650932312 5.2415661811829 5.1301736831665 4.9642462730408 4.7696304321289 4.5719103813171 4.3921151161194 4.2458987236023 4.1459789276123 4.1032958030701 4.1343855857849 4.2642774581909 4.5052709579468 4.804497718811 5.0729646682739 5.2513613700867 5.3559889793396 5.4257102012634 5.4333453178406 5.3757181167603 5.2887811660767 5.205409526825 5.1423296928406 5.0994510650635 5.0797381401062 5.0803580284119 5.0493693351746 4.9793071746826 4.8489289283752 4.7315731048584 4.7162656784058 4.8127856254578 4.9752812385559 5.1476140022278 5.2912945747375
-999 -999 -999 -999 -999 -999 -999 -999 -999 -999 -999 -999 -999 -999 -999 2.3609850406647 2.5690779685974 2.771014213562 2.9612028598785 3.0907065868378 3.0875961780548 3.2412176132202 3.5092267990112 3.8893918991089 4.3335328102112 4.792329788208 5.1968560218811 5.4251074790955 5.3664855957031 5.4521198272705 5.5541529655457 5.5983486175537 5.5464129447937 5.3997054100037 5.1820368766785 4.9276580810547 4.6726088523865 4.44713306427 4.270975112915 4.1551733016968 4.1076712608337 4.1402039527893 4.2663187980652 4.4893517494202 4.7893748283386 5.1212892532349 5.4010972976685 5.479989528656 5.4414482116699 5.361394405365 5.2650589942932 5.1678733825684 5.0826983451843 5.0114421844482 4.9500198364258 4.9111380577087 4.9155855178833 4.9349036216736 4.9154815673828 4.8364458084106 4.746425151825 4.7096600532532 4.7451920509338 4.8361358642578 4.9525084495544 5.0705161094666
-999 -999 -999 -999 -999 -999 -999 -999 -999 -999 -999 -999 -999 -999 2.2578268051147 2.4936547279358 2.6718180179596 2.8571951389313 3.0371098518372 3.0920231342316 3.3047482967377 3.6659545898438 4.1204257011414 4.629599571228 5.1671175956726 5.6937065124512 6.1354312896729 6.3862385749817 6.3818559646606 6.0889530181885 6.0081310272217 5.9776616096497 5.8875966072083 5.6914615631104 5.4065537452698 5.076295375824 4.7504997253418 4.4717392921448 4.2636051177979 4.1329355239868 4.0811009407043 4.1132121086121 4.2295994758606 4.4192876815796 4.6687788963318 4.9567279815674 5.2045016288757 5.3001155853271 5.2749967575073 5.1985478401184 5.1068539619446 5.016761302948 4.9380664825439 4.86634349823 4.787805557251 4.7224526405334 4.7248320579529 4.7833976745605 4.8063225746155 4.7682709693909 4.7086462974548 4.6700963973999 4.675078868866 4.72691822052 4.8099312782288 4.9135384559631
-999 -999 -999 -999 -999 -999 -999 -999 -999 -999 -999 -999 -999 1.9663296937943 2.4079287052155 2.6475114822388 2.7891874313354 2.9702086448669 3.2057404518127 3.35826587677 3.7377016544342 4.2487349510193 4.8210897445679 5.4231147766113 6.0382013320923 6.6189618110657 7.0654706954956 7.2739839553833 7.2031569480896 6.9037485122681 6.5253968238831 6.4169788360596 6.2800350189209 6.0167551040649 5.6407742500305 5.2114834785461 4.7969450950623 4.4563155174255 4.2191853523254 4.0816354751587 4.0301599502563 4.0668215751648 4.1803402900696 4.3402142524719 4.5243492126465 4.7314910888672 4.9208359718323 5.0198030471802 5.033784866333 4.9920907020569 4.9259667396545 4.8577375411987 4.7978162765503 4.7389144897461 4.6657457351685 4.6112909317017 4.6211552619934 4.6808142662048 4.7187218666077 4.7056474685669 4.6682462692261 4.6343202590942 4.6265578269958 4.665470123291 4.7405581474304 4.850682258606
-999 -999 -999 -999 -999 -999 -999 -999 -999 -999 -999 -999 -999 1.7438614368439 2.5772941112518 2.8304224014282 2.8587582111359 3.0641160011292 3.3795223236084 3.7791442871094 4.3073568344116 4.9167137145996 5.5449786186218 6.184690952301 6.836359500885 7.450147151947 7.8879599571228 8.0071611404419 7.8076648712158 7.2256994247437 7.0008120536804 6.8999843597412 6.7225341796875 6.3739809989929 5.8805599212646 5.3281898498535 4.8076233863831 4.3989882469177 4.1443753242493 4.0219044685364 3.9826748371124 4.0355930328369 4.1646780967712 4.3176274299622 4.465295791626 4.6073985099792 4.72674036026 4.7942614555359 4.8120112419128 4.7913150787354 4.7468266487122 4.6983914375305 4.6582493782043 4.6212277412415 4.5794019699097 4.5614075660706 4.5912795066833 4.6496286392212 4.6905136108398 4.6920962333679 4.6681036949158 4.6407785415649 4.6339392662048 4.6727981567383 4.7562556266785 4.8940992355347
-999 -999 -999 -999 -999 -999 -999 -999 -999 -999 -999 -999 0.94801908731461 2.2787818908691 2.8757426738739 2.9800989627838 3.1704151630402 3.474098443985 3.8789863586426 4.3740925788879 4.9912757873535 5.6278915405273 6.233145236969 6.834819316864 7.4486169815063 8.0209627151489 8.4012041091919 8.4460792541504 8.2254590988159 7.6727876663208 7.4988269805908 7.4052758216858 7.1820378303528 6.7288613319397 6.0993504524231 5.4198875427246 4.7951703071594 4.3227009773254 4.0681538581848 3.9887797832489 3.9887030124664 4.0683245658875 4.2266750335693 4.3869576454163 4.5143847465515 4.6075897216797 4.658917427063 4.6695241928101 4.6613688468933 4.6339116096497 4.5901641845703 4.5487489700317 4.5251517295837 4.5165781974792 4.5178141593933 4.5446200370789 4.6077747344971 4.678858757019 4.7245306968689 4.733325958252 4.7186660766602 4.7017126083374 4.7054476737976 4.7498874664307 4.8482632637024 5.0255098342896
-999 -999 -999 -999 -999 -999 -999 -999 -999 -999 -999 0.36062571406364 1.1787577867508 2.6802415847778 3.0622112751007 3.3202905654907 3.6465816497803 4.0601954460144 4.5534911155701 5.1296324729919 5.7616958618164 6.3296904563904 6.824990272522 7.3122477531433 7.811137676239 8.2467498779297 8.4470186233521 8.3925008773804 8.3707504272461 8.1021556854248 8.0039024353027 7.8691740036011 7.5677690505981 6.990656375885 6.2389950752258 5.4751238822937 4.7976484298706 4.2996559143066 4.0573272705078 4.0173563957214 4.0735020637512 4.2013788223267 4.3817534446716 4.5510487556458 4.663462638855 4.7183394432068 4.7189903259277 4.6765160560608 4.62384557724 4.5604801177979 4.4914388656616 4.4411005973816 4.4330215454102 4.457049369812 4.5032153129578 4.574550151825 4.669059753418 4.7563915252686 4.8063535690308 4.8167099952698 4.8077569007874 4.8016796112061 4.8183722496033 4.8760614395142 4.9929804801941 5.1973333358765
-999 -999 -999 -999 -999 -999 -999 -999 -999 -999 0.03441471979022 0.58564651012421 1.9670867919922 3.0896732807159 3.3538191318512 3.7023897171021 4.1571526527405 4.6694092750549 5.2291460037231 5.8368091583252 6.4460945129395 6.8906202316284 7.2298378944397 7.5447897911072 7.8857898712158 8.1944131851196 8.2191381454468 7.5581164360046 8.2657279968262 8.5065851211548 8.4751434326172 8.2148952484131 7.7327919006348 7.0383739471436 6.2362270355225 5.4672589302063 4.8225665092468 4.3712086677551 4.150927066803 4.1233711242676 4.2153568267822 4.382559299469 4.586624622345 4.7697649002075 4.8716721534729 4.9025230407715 4.8825817108154 4.820698261261 4.7279710769653 4.6179800033569 4.5151467323303 4.4441270828247 4.4436898231506 4.4837555885315 4.5601291656494 4.6608438491821 4.770092010498 4.864631652832 4.9131650924683 4.9202904701233 4.9157419204712 4.9209666252136 4.9521112442017 5.0249781608582 5.1574673652649 5.3670969009399
