all/datos/01-EFM-Pronostico-de-Enero-2021-Lluvia/03_Marzo/GRDS/03_2021_Clim.grd
DSAA
390 228
-118.47924025641 -86.14575974359
14.037283991228 32.871016008772
-999 130.69873046875
[rows 87 to 115 of 228, columns 132 to 197 of 390]
-999 -999 -999 -999 -999 -999 -999 -999 -999 -999 -999 -999 -999 -999 -999 -999 -999 -999 -999 -999 -999 -999 -999 -999 -999 -999 -999 -999 4.2704858779907 4.1999292373657 3.916134595871 3.4759302139282 3.0546746253967 2.7421059608459 2.5161862373352 2.365638256073 2.2832677364349 2.2448785305023 2.2319762706757 2.236487865448 2.2578687667847 2.3095562458038 2.4262633323669 2.6398236751556 2.9163782596588 3.2009000778198 3.4348418712616 3.5362367630005 3.4262654781342 3.2015495300293 2.9730131626129 2.8201999664307 2.7362725734711 2.752622127533 2.8463408946991 2.964836359024 3.0766410827637 3.1676516532898 3.2426705360413 3.3204696178436 3.4190363883972 3.5493099689484 3.7169463634491 3.9253957271576 4.1785817146301 4.4771947860718
-999 -999 -999 -999 -999 -999 -999 -999 -999 -999 -999 -999 -999 -999 -999 -999 -999 -999 -999 -999 -999 -999 -999 -999 -999 -999 -999 -999 4.3421521186829 4.2837581634521 4.0272545814514 3.5465598106384 3.1035151481628 2.777890920639 2.5232856273651 2.3436419963837 2.2470252513885 2.1997165679932 2.1786735057831 2.1760306358337 2.1929099559784 2.2416107654572 2.3543891906738 2.5940215587616 2.8967127799988 3.2046182155609 3.4622173309326 3.595020532608 3.5387609004974 3.3620862960815 3.1503217220306 2.9687421321869 2.8494503498077 2.8235387802124 2.8817319869995 2.9798102378845 3.0766084194183 3.140453338623 3.1728982925415 3.2063450813293 3.2736032009125 3.3891706466675 3.5567803382874 3.7775564193726 4.0513491630554 4.3763208389282
-999 -999 -999 -999 -999 -999 -999 -999 -999 -999 -999 -999 -999 -999 -999 -999 -999 -999 -999 -999 -999 -999 -999 -999 -999 -999 -999 -999 4.2295660972595 4.1336455345154 3.8853299617767 3.5040514469147 3.1164886951447 2.7987649440765 2.5371105670929 2.3439254760742 2.2323656082153 2.1701769828796 2.1393818855286 2.1366899013519 2.1644167900085 2.2337207794189 2.3723423480988 2.6050310134888 2.8975358009338 3.1970999240875 3.4534027576447 3.6105141639709 3.6315152645111 3.5331056118011 3.3588244915009 3.1710715293884 3.018435716629 2.9390599727631 2.94588971138 3.0159757137299 3.0992889404297 3.1351983547211 3.1101019382477 3.083441734314 3.1086227893829 3.2022595405579 3.3638713359833 3.5885403156281 3.8708477020264 4.2087154388428
-999 -999 -999 -999 -999 -999 -999 -999 -999 -999 -999 -999 -999 2.1991469860077 -999 -999 -999 -999 -999 -999 -999 -999 -999 -999 -999 -999 -999 -999 4.0142822265625 3.8707809448242 3.6596357822418 3.378805398941 3.0758836269379 2.7999029159546 2.5639805793762 2.3783600330353 2.2470977306366 2.1604807376862 2.1148271560669 2.1143653392792 2.1617529392242 2.2599024772644 2.4191715717316 2.6434102058411 2.9116752147675 3.1872115135193 3.4309890270233 3.6067967414856 3.690042257309 3.6672444343567 3.5408000946045 3.3583643436432 3.1707992553711 3.0324141979218 2.9834420681 3.0293021202087 3.1165609359741 3.1409275531769 3.050924539566 2.9555857181549 2.9310746192932 2.9953696727753 3.1452915668488 3.3653011322021 3.6452832221985 3.9857013225555
-999 -999 -999 -999 -999 -999 -999 -999 -999 -999 -999 -999 2.145519733429 -999 -999 -999 -999 -999 -999 -999 -999 -999 -999 -999 -999 -999 3.6705989837646 3.7822282314301 3.7200736999512 3.5778636932373 3.4195234775543 3.2321038246155 3.0206809043884 2.8036632537842 2.604768037796 2.4298083782196 2.2805018424988 2.1657431125641 2.1001789569855 2.1010620594025 2.1686153411865 2.2912602424622 2.463730096817 2.6801946163177 2.925199508667 3.1750359535217 3.4024286270142 3.5848703384399 3.7041456699371 3.740531206131 3.6715819835663 3.4972620010376 3.2681910991669 3.0632231235504 2.952721118927 2.9736759662628 3.0732955932617 3.1099395751953 2.9860036373138 2.8372113704681 2.7575669288635 2.7876253128052 2.9226942062378 3.1275272369385 3.3903753757477 3.7219145298004
-999 -999 -999 -999 -999 -999 -999 -999 -999 -999 -999 2.0628459453583 -999 -999 -999 -999 -999 -999 -999 -999 -999 -999 -999 -999 -999 3.1573874950409 3.327645778656 3.39608502388 3.3351919651031 3.234073638916 3.1664564609528 3.0877857208252 2.9810979366302 2.8402962684631 2.6761412620544 2.498966217041 2.3255276679993 2.1827259063721 2.0974674224854 2.0992908477783 2.1829376220703 2.320540189743 2.4982545375824 2.7061455249786 2.9315283298492 3.1578347682953 3.3660814762115 3.541143655777 3.6723444461823 3.7465751171112 3.7327010631561 3.5625126361847 3.2983543872833 3.0352640151978 2.8628177642822 2.8565063476563 2.9623918533325 3.0038914680481 2.9040837287903 2.7473635673523 2.6333231925964 2.6342079639435 2.7494475841522 2.9141352176666 3.1357550621033 3.4439749717712
-999 -999 -999 -999 -999 -999 -999 -999 -999 -999 -999 -999 -999 -999 -999 -999 -999 -999 -999 -999 -999 -999 -999 -999 -999 2.7911529541016 2.9210402965546 -999 2.9489307403564 2.8943214416504 2.9223527908325 2.9710266590118 2.9750304222107 2.9116234779358 2.7717161178589 2.5752878189087 2.3704295158386 2.2075953483582 2.1195287704468 2.1238617897034 2.2100677490234 2.3501179218292 2.5254163742065 2.7233240604401 2.9318079948425 3.1368713378906 3.3225123882294 3.4756464958191 3.5882682800293 3.653927564621 3.6495680809021 3.5128779411316 3.2645885944366 2.998518705368 2.7970399856567 2.7744364738464 2.9004299640656 2.9533703327179 2.8822999000549 2.7702803611755 2.6699328422546 2.6510179042816 2.7092335224152 2.7741000652313 2.9339511394501 3.202481508255
-999 -999 -999 -999 -999 -999 -999 -999 -999 -999 -999 -999 -999 -999 -999 -999 -999 -999 -999 -999 -999 -999 -999 -999 2.3458008766174 2.4274938106537 2.5462393760681 2.6297147274017 2.6465449333191 -999 2.7799437046051 2.9260411262512 3.0086913108826 2.9942772388458 2.8588712215424 2.6286854743958 2.3912794589996 2.2230117321014 2.1479306221008 2.1600122451782 2.2438597679138 2.3790838718414 2.5476486682892 2.7356617450714 2.9307043552399 3.1181030273438 3.2811093330383 3.403591632843 3.4737067222595 3.4863746166229 3.4439895153046 3.3447270393372 3.1928932666779 3.0124099254608 2.8574631214142 2.8439114093781 2.960325717926 3.0107629299164 2.9848937988281 2.9963397979736 2.994327545166 2.936939239502 2.8307466506958 2.7501037120819 2.8575339317322 3.0889563560486
-999 -999 -999 -999 -999 -999 -999 -999 -999 -999 -999 -999 -999 -999 -999 -999 -999 -999 -999 -999 -999 -999 -999 -999 2.1122546195984 2.1641471385956 2.2816534042358 2.3793337345123 2.4443418979645 2.5561952590942 2.7649185657501 2.9682245254517 3.0778484344482 3.055748462677 2.896803855896 2.6421954631805 2.3831746578217 2.2269084453583 2.1694390773773 2.1902165412903 2.2730128765106 2.4027409553528 2.5648648738861 2.7459664344788 2.9328064918518 3.1097369194031 3.2577610015869 3.3558006286621 3.3862929344177 3.3422303199768 3.2439820766449 3.1771008968353 3.1401815414429 3.0744416713715 2.9802076816559 2.9703273773193 3.0770668983459 3.1650688648224 3.2545430660248 3.4051389694214 3.4494466781616 3.3167424201965 3.0522022247314 2.8866429328918 2.9259870052338 3.0869302749634
-999 -999 -999 -999 -999 -999 -999 -999 -999 -999 -999 -999 -999 -999 -999 -999 -999 -999 -999 -999 -999 -999 -999 2.0382289886475 2.0286889076233 2.0777409076691 2.1818685531616 2.2945239543915 2.4170634746552 2.6115992069244 2.8706924915314 3.0895354747772 3.1869604587555 3.121570110321 2.9271619319916 2.661835193634 2.408371925354 2.2473847866058 2.189667224884 2.2109735012054 2.2915232181549 2.4169161319733 2.5749833583832 2.7537755966187 2.9401824474335 3.1177704334259 3.2657384872437 3.359664440155 3.3789839744568 3.3208916187286 3.2231113910675 3.1639206409454 3.1513969898224 3.1273696422577 3.0760364532471 3.0680439472198 3.1771402359009 3.3815615177155 3.6404256820679 3.8780508041382 3.8917911052704 3.6250870227814 3.2545065879822 3.053373336792 3.0480937957764 3.1403207778931
-999 -999 -999 -999 -999 -999 -999 -999 -999 -999 -999 -999 -999 -999 -999 -999 -999 -999 -999 -999 -999 -999 -999 2.0252282619476 2.045360326767 2.1127445697784 2.2287480831146 2.376669883728 2.5671780109406 2.8209705352783 3.0848727226257 3.2720904350281 3.3221645355225 3.2112441062927 2.9850294589996 2.7081367969513 2.4527862071991 2.2796316146851 2.2081797122955 2.2223153114319 2.2986166477203 2.4204440116882 2.5767590999603 2.7576539516449 2.9512958526611 3.1417303085327 3.3072025775909 3.4210097789764 3.4589767456055 3.4184894561768 3.3341407775879 3.2611129283905 3.2182841300964 3.1835377216339 3.1537261009216 3.1773869991302 3.3211541175842 3.5961012840271 3.9609558582306 4.2737369537354 4.2961201667786 3.9160234928131 3.4164009094238 3.1606328487396 3.1487867832184 3.2540538311005
-999 -999 -999 -999 -999 -999 -999 -999 -999 -999 -999 -999 -999 -999 -999 -999 -999 -999 -999 -999 -999 -999 -999 2.0532128810883 2.1051828861237 2.2081387042999 2.3702130317688 2.5862464904785 2.8510262966156 3.1397502422333 3.3825552463531 3.5072417259216 3.4919471740723 3.3393943309784 3.0844492912292 2.783940076828 2.5045289993286 2.3091073036194 2.2224433422089 2.2288925647736 2.2993433475494 2.4153025150299 2.5688199996948 2.7532906532288 2.9586129188538 3.1699500083923 3.3661890029907 3.5180344581604 3.5912084579468 3.5721137523651 3.4871115684509 3.3869721889496 3.3040664196014 3.2425680160522 3.2110238075256 3.2440958023071 3.3914110660553 3.6835913658142 4.0903401374817 4.4681973457336 4.5508818626404 4.1367964744568 3.5198750495911 3.1796338558197 3.2002558708191 3.4108188152313
-999 -999 -999 -999 -999 -999 -999 -999 -999 -999 -999 -999 -999 -999 -999 -999 -999 -999 -999 -999 -999 -999 -999 2.0923254489899 2.1678519248962 2.3144586086273 2.5498418807983 2.8707504272461 3.2273855209351 3.5369899272919 3.7359702587128 3.7964019775391 3.7220175266266 3.5279948711395 3.2418677806854 2.9073443412781 2.5846688747406 2.3520395755768 2.2481107711792 2.2450211048126 2.3020169734955 2.4030282497406 2.5477349758148 2.7337665557861 2.9506363868713 3.182098865509 3.4085249900818 3.6016256809235 3.7133710384369 3.7118818759918 3.6164026260376 3.4890224933624 3.3728594779968 3.2835655212402 3.2316064834595 3.2382256984711 3.3439290523529 3.599643945694 3.9857697486877 4.3452224731445 4.4497385025024 4.14781665802 3.582127571106 3.2323734760284 3.2618298530579 3.5775721073151
-999 -999 -999 -999 -999 -999 -999 -999 -999 -999 -999 -999 -999 -999 -999 -999 -999 -999 -999 -999 -999 -999 -999 2.1268293857574 2.2057504653931 2.3899202346802 2.7117953300476 3.1633350849152 3.6419069766998 3.9822623729706 4.137318611145 4.13995885849 4.0179505348206 3.7897527217865 3.4771595001221 3.1122424602509 2.7474310398102 2.4620158672333 2.3340849876404 2.303359746933 2.3215398788452 2.3860425949097 2.5096967220306 2.6936237812042 2.9200537204742 3.1622517108917 3.3963403701782 3.6027715206146 3.7357914447784 3.7585315704346 3.6671149730682 3.5356862545013 3.4064393043518 3.2998509407043 3.2246413230896 3.1930994987488 3.2355279922485 3.4188215732574 3.7481503486633 4.0410394668579 4.1299557685852 3.9330875873566 3.5665700435638 3.3194768428802 3.3588309288025 3.6064641475677
-999 -999 -999 -999 -999 -999 -999 -999 -999 -999 -999 -999 -999 -999 -999 -999 -999 -999 -999 -999 -999 -999 2.1681959629059 2.1608850955963 2.2122609615326 2.4107477664948 2.817390203476 3.4054372310638 4.0332374572754 4.4103946685791 4.5468454360962 4.5214710235596 4.3740010261536 4.1258158683777 3.7981493473053 3.41987657547 3.0371887683868 2.7230794429779 2.5407032966614 2.4353506565094 2.370365858078 2.3656480312347 2.4524803161621 2.6335618495941 2.8727548122406 3.1189761161804 3.3313298225403 3.497492313385 3.6160643100739 3.6638598442078 3.6242191791534 3.5282392501831 3.4130892753601 3.3061451911926 3.2155940532684 3.1565821170807 3.1654102802277 3.2957201004028 3.536673784256 3.7516593933105 3.8235211372375 3.7295453548431 3.5557262897491 3.4496428966522 3.5242714881897 3.7064199447632
-999 -999 -999 -999 -999 -999 -999 -999 -999 -999 -999 -999 -999 -999 -999 -999 -999 -999 -999 -999 -999 -999 2.2746670246124 2.2291505336761 2.2342522144318 2.4103062152863 2.8729169368744 3.5535652637482 4.2631044387817 4.7344212532043 4.9308252334595 4.9282755851746 4.7824902534485 4.5281825065613 4.1948285102844 3.8146932125092 3.430924654007 3.0977377891541 2.8448898792267 2.6336047649384 2.4523313045502 2.3490114212036 2.3850405216217 2.5687685012817 2.8328182697296 3.092351436615 3.2778899669647 3.3798971176147 3.4652719497681 3.5355219841003 3.5445148944855 3.4985320568085 3.421847820282 3.3282408714294 3.2197463512421 3.1442544460297 3.1458299160004 3.2447073459625 3.4193217754364 3.5801615715027 3.6520993709564 3.6443228721619 3.6269414424896 3.6503887176514 3.7638828754425 3.9116923809052
-999 -999 -999 -999 -999 -999 -999 -999 -999 -999 -999 -999 -999 -999 -999 -999 -999 -999 -999 -999 -999 2.4943816661835 -999 2.3955209255219 2.3877012729645 2.5488467216492 2.9887862205505 3.7081706523895 4.4790139198303 5.0507225990295 5.3377289772034 5.3808588981628 5.2468190193176 4.9885683059692 4.6475081443787 4.2601490020752 3.864492893219 3.4966979026794 3.1684715747833 2.8594040870667 2.575248003006 2.3723752498627 2.3476207256317 2.5360267162323 2.8302352428436 3.1211802959442 3.3065512180328 3.3591477870941 3.3989632129669 3.4530625343323 3.4729821681976 3.4590165615082 3.424506187439 3.3568422794342 3.225564956665 3.153342962265 3.167729139328 3.2505569458008 3.3866701126099 3.525853395462 3.6285717487335 3.6927030086517 3.7648739814758 3.8799457550049 4.037458896637 4.1845030784607
-999 -999 -999 -999 -999 -999 -999 -999 -999 -999 -999 -999 -999 -999 -999 -999 -999 -999 -999 -999 -999 2.7472484111786 2.7208135128021 2.6943004131317 2.7367241382599 2.9328565597534 3.3649301528931 4.0757970809937 4.8841557502747 5.5205869674683 5.8581700325012 5.9180636405945 5.7764363288879 5.4996862411499 5.1371331214905 4.7269158363342 4.3018288612366 3.8878283500671 3.4931902885437 3.1146423816681 2.768000125885 2.5079445838928 2.431271314621 2.5824060440063 2.8776578903198 3.1914396286011 3.3997433185577 3.4336550235748 3.4277591705322 3.4212374687195 3.4081122875214 3.3912179470062 3.3711168766022 3.3232345581055 3.2261462211609 3.2020156383514 3.2360441684723 3.2998869419098 3.3934237957001 3.5092647075653 3.6361927986145 3.7478272914886 3.8851568698883 4.0685210227966 4.2678685188293 4.4277386665344
-999 -999 -999 -999 -999 -999 -999 -999 -999 -999 -999 -999 -999 -999 -999 -999 -999 -999 -999 -999 3.0299355983734 3.0663223266602 3.0801811218262 3.1306416988373 3.2700700759888 3.5375599861145 3.999844789505 4.7149930000305 5.5506153106689 6.2130808830261 6.5356283187866 6.5570645332336 6.3725414276123 6.0537962913513 5.650936126709 5.2010116577148 4.7335300445557 4.271595954895 3.8271124362946 3.4075176715851 3.0339338779449 2.7532410621643 2.632607460022 2.7148880958557 2.9753866195679 3.2662243843079 3.4603064060211 3.5108892917633 3.4723603725433 3.3992209434509 3.3334991931915 3.2906787395477 3.26598072052 3.253897190094 3.2609460353851 3.2982475757599 3.3279006481171 3.351078748703 3.3874161243439 3.4526607990265 3.5538249015808 3.7073199748993 3.9187517166138 4.1662383079529 4.3908681869507 4.5270595550537
-999 -999 -999 -999 -999 -999 -999 -999 -999 -999 -999 -999 -999 -999 -999 -999 -999 -999 3.0593190193176 3.2383522987366 3.365565776825 3.4429678916931 3.5297474861145 3.6940615177155 3.9529004096985 4.3215746879578 4.8410634994507 5.5777406692505 6.4335947036743 7.0842409133911 7.3268857002258 7.2687973976135 7.0166049003601 6.6375689506531 6.1778531074524 5.673641204834 5.1547884941101 4.6459050178528 4.1635904312134 3.7202048301697 3.3365585803986 3.0481154918671 2.903538942337 2.9412343502045 3.1405355930328 3.3802049160004 3.5449199676514 3.5819590091705 3.5082552433014 3.3792524337769 3.2594354152679 3.1823079586029 3.1393368244171 3.1538779735565 3.245799779892 3.3545031547546 3.3813197612762 3.3669898509979 3.3459055423737 3.3541779518127 3.4179005622864 3.5976762771606 3.8628766536713 4.1518173217773 4.3845286369324 4.4736533164978
-999 -999 -999 -999 -999 -999 -999 -999 -999 -999 -999 -999 -999 -999 -999 -999 -999 -999 3.2762808799744 3.5190682411194 3.7179543972015 3.8679556846619 4.0654888153076 4.3631539344788 4.7610712051392 5.2615504264832 5.8857154846191 6.6389360427856 7.4126715660095 7.9648199081421 8.1308851242065 8.0026111602783 7.6819334030151 7.2336006164551 6.7043180465698 6.1329593658447 5.5545449256897 4.9977307319641 4.4822969436646 4.0223069190979 3.6353726387024 3.3462672233582 3.1903750896454 3.2016999721527 3.3475966453552 3.5382363796234 3.6674799919128 3.6695566177368 3.554986000061 3.3844568729401 3.2231185436249 3.1020355224609 3.0245594978333 3.024115562439 3.1464810371399 3.2825319766998 3.3472802639008 3.327285528183 3.2749168872833 3.2568655014038 3.3131172657013 3.4850072860718 3.7443635463715 4.0164227485657 4.2174277305603 4.2798762321472
-999 -999 -999 -999 -999 -999 -999 -999 -999 -999 -999 -999 -999 -999 -999 -999 -999 3.1755747795105 3.4570314884186 3.7575395107269 4.0659513473511 4.343813419342 4.6970105171204 5.1585373878479 5.7032127380371 6.3351411819458 7.0539236068726 7.7897663116455 8.4317636489868 8.8388996124268 8.929913520813 8.7438831329346 8.3575773239136 7.8320755958557 7.2190046310425 6.5657157897949 5.9165182113647 5.3071866035461 4.7599296569824 4.2866702079773 3.8972365856171 3.6084156036377 3.4456675052643 3.4282782077789 3.5331943035126 3.6921925544739 3.7985632419586 3.7583920955658 3.597939491272 3.3964529037476 3.2089600563049 3.0588850975037 2.9595367908478 2.9418532848358 3.0238983631134 3.1427083015442 3.2316491603851 3.2255129814148 3.1833119392395 3.1760895252228 3.2373614311218 3.385035276413 3.5939784049988 3.8018975257874 3.944610118866 3.9931392669678
-999 -999 -999 -999 -999 -999 -999 -999 -999 -999 -999 -999 -999 -999 -999 2.8721163272858 3.0765464305878 3.3299908638 3.6382255554199 3.9945950508118 4.3920769691467 4.9168915748596 5.5068688392639 6.1513290405273 6.8346352577209 7.5719294548035 8.350287437439 9.0314311981201 9.5297250747681 9.7857265472412 9.7728862762451 9.5116243362427 9.0469722747803 8.4287090301514 7.7116584777832 6.9552264213562 6.2186694145203 5.5499486923218 4.9726934432983 4.4885511398315 4.0949339866638 3.8003425598145 3.6219532489777 3.5704135894775 3.6316697597504 3.7577850818634 3.8550086021423 3.7721495628357 3.5832431316376 3.3742682933807 3.1838116645813 3.0285286903381 2.9210889339447 2.8772451877594 2.8986203670502 2.9593267440796 3.026932477951 3.0636990070343 3.0753617286682 3.1020681858063 3.1712021827698 3.2904145717621 3.4397444725037 3.5789301395416 3.6684787273407 3.6978099346161
-999 -999 -999 -999 -999 -999 -999 -999 -999 -999 -999 -999 -999 -999 2.8973004817963 3.0624287128448 3.2771074771881 3.5531115531921 3.9250180721283 4.4057292938232 4.9933362007141 5.7171998023987 6.515748500824 7.3428673744202 8.1855134963989 9.0284032821655 9.7980461120605 10.373576164246 10.708113670349 10.8042345047 10.669137001038 10.312870025635 9.7522621154785 9.0182905197144 8.1687459945679 7.2794785499573 6.4322810173035 5.6950392723083 5.0930438041687 4.6076402664185 4.2111744880676 3.9036705493927 3.7014691829681 3.6092145442963 3.6121821403503 3.6719462871552 3.7077479362488 3.6311643123627 3.4746284484863 3.2959713935852 3.1268608570099 2.9837193489075 2.8767035007477 2.8103187084198 2.7814264297485 2.7847735881805 2.8307795524597 2.9036581516266 2.9665293693542 3.0276062488556 3.1021332740784 3.1960668563843 3.2991857528687 3.3881633281708 3.4416027069092 3.4601154327393
-999 -999 -999 -999 -999 -999 -999 -999 -999 -999 -999 -999 -999 3.0430977344513 3.183500289917 3.3720116615295 3.620096206665 3.9418821334839 4.4125375747681 5.0510802268982 5.8290319442749 6.7167429924011 7.6586103439331 8.627311706543 9.6139430999756 10.55842590332 11.312579154968 11.749151229858 11.899962425232 11.835134506226 11.580695152283 11.129717826843 10.465728759766 9.5940628051758 8.5754108428955 7.5132699012756 6.5233950614929 5.7051696777344 5.0923771858215 4.6304001808167 4.2392220497131 3.9169771671295 3.6927034854889 3.5656967163086 3.513260602951 3.5035030841827 3.484561920166 3.4171004295349 3.3096108436584 3.1759328842163 3.0384035110474 2.9146206378937 2.8156225681305 2.7424957752228 2.6922152042389 2.6779003143311 2.717010974884 2.796763420105 2.8814105987549 2.9590909481049 3.032053232193 3.1060748100281 3.1807777881622 3.2446420192719 3.286110162735 3.3145136833191
-999 -999 -999 -999 -999 -999 -999 -999 -999 -999 -999 -999 -999 3.382538318634 3.5800924301147 3.8397490978241 4.1762094497681 4.5992221832275 5.1630301475525 5.904679775238 6.8211088180542 7.8187670707703 8.8227090835571 9.8470439910889 10.91001701355 11.935984611511 12.695528030396 12.985610961914 12.969635009766 12.776016235352 12.433053016663 11.913269996643 11.158611297607 10.133847236633 8.9096899032593 7.6344213485718 6.4663472175598 5.5480432510376 4.9410367012024 4.5451574325562 4.1744270324707 3.8466317653656 3.6192073822021 3.4816865921021 3.4057202339172 3.3610544204712 3.3130970001221 3.2431108951569 3.1543135643005 3.0488307476044 2.9342091083527 2.8261482715607 2.7376821041107 2.670711517334 2.6261248588562 2.6212425231934 2.6666247844696 2.746101140976 2.8311212062836 2.9061784744263 2.9697549343109 3.0282700061798 3.0889682769775 3.1492307186127 3.2026333808899 3.26300573349
-999 -999 -999 -999 -999 -999 -999 -999 -999 -999 -999 -999 3.5659532546997 3.7913687229156 4.0834879875183 4.4655256271362 4.9324336051941 5.4827909469604 6.1435594558716 6.9463214874268 7.9489231109619 8.9552726745605 9.8961343765259 10.851641654968 11.86997127533 12.875383377075 13.619653701782 13.841618537903 13.761616706848 13.514253616333 13.12856388092 12.572620391846 11.754451751709 10.570855140686 9.123067855835 7.6314187049866 6.28009557724 5.2464895248413 4.6422696113586 4.3272681236267 4.0130333900452 3.7146031856537 3.5168738365173 3.3974380493164 3.3329305648804 3.2909648418427 3.2327795028687 3.1482787132263 3.0560104846954 2.9523329734802 2.8400270938873 2.7371089458466 2.6593458652496 2.6076140403748 2.5822186470032 2.5970697402954 2.6582677364349 2.7403838634491 2.8188412189484 2.882248878479 2.9312932491302 2.9749114513397 3.0278551578522 3.0952019691467 3.1718821525574 3.2726848125458
-999 -999 -999 -999 -999 -999 -999 -999 -999 -999 -999 3.7303268909454 3.9671998023987 4.2743225097656 4.690746307373 5.2073359489441 5.805317401886 6.4789576530457 7.2542290687561 8.1613607406616 9.1578693389893 10.026185035706 10.773983955383 11.551685333252 12.418120384216 13.285597801208 13.950377464294 14.239213943481 14.213759422302 13.981938362122 13.573925018311 12.968154907227 12.088014602661 10.749037742615 9.1236181259155 7.5005211830139 6.0538420677185 4.9555020332336 4.3348522186279 4.0364394187927 3.7993896007538 3.5820999145508 3.432822227478 3.3550186157227 3.3323817253113 3.3233354091644 3.280570268631 3.1888599395752 3.0740029811859 2.9410328865051 2.8034341335297 2.6904745101929 2.6233630180359 2.5924735069275 2.5924453735352 2.6293828487396 2.7007620334625 2.7799105644226 2.8457851409912 2.8925943374634 2.9257264137268 2.9566068649292 3.0017118453979 3.0702974796295 3.1606998443604 3.2842078208923
-999 -999 -999 -999 -999 -999 -999 -999 -999 -999 3.8621726036072 4.1271023750305 4.437686920166 4.8546643257141 5.3975415229797 6.0255002975464 6.715434551239 7.4682817459106 8.306884765625 9.2384014129639 10.173020362854 10.830595970154 11.35196018219 11.929637908936 12.636898040771 13.385521888733 14.003926277161 14.331899642944 14.371964454651 14.17523765564 13.725503921509 12.98526096344 11.915419578552 10.47162437439 8.8197994232178 7.2166790962219 5.8320894241333 4.7960610389709 4.1665163040161 3.836569070816 3.6347894668579 3.4869515895844 3.4011971950531 3.3888938426971 3.4278764724731 3.473762512207 3.4753336906433 3.4076261520386 3.2736241817474 3.0941345691681 2.9156115055084 2.7779653072357 2.7102725505829 2.6804213523865 2.6908266544342 2.7363665103912 2.8015999794006 2.8656761646271 2.9106769561768 2.9360172748566 2.9518060684204 2.9698948860168 3.0025515556335 3.0583596229553 3.1408789157867 3.2579321861267
