all/datos/01-EFM-Pronostico-de-Enero-2021-Lluvia/03_Marzo/GRDS/03_2021_Apor.grd
DSAA
390 228
-118.47924025641 -86.14575974359
14.037283991228 32.871016008772
-999 609.53955078125
[rows 87 to 115 of 228, columns 132 to 197 of 390]
-999 -999 -999 -999 -999 -999 -999 -999 -999 -999 -999 -999 -999 -999 -999 -999 -999 -999 -999 -999 -999 -999 -999 -999 -999 -999 -999 -999 0 0 0 0 0 2.9052658081055 16.491722106934 37.861652374268 40.534366607666 25.174692153931 20.318357467651 41.873516082764 121.7836227417 156.77551269531 161.81495666504 151.44769287109 140.00859069824 135.42916870117 135.96286010742 133.03498840332 136.16761779785 138.42457580566 138.48379516602 138.78997802734 140.16180419922 141.56153869629 143.25073242188 145.62593078613 148.07885742188 149.74853515625 150.68342590332 151.23161315918 151.73594665527 152.28991699219 152.32586669922 151.2728729248 148.95259094238 145.62060546875
-999 -999 -999 -999 -999 -999 -999 -999 -999 -999 -999 -999 -999 -999 -999 -999 -999 -999 -999 -999 -999 -999 -999 -999 -999 -999 -999 -999 0 0 0 0 0 0 2.3504889011383 6.5274443626404 9.4842681884766 18.853303909302 44.856327056885 78.790176391602 127.37199401855 203.73558044434 210.1441192627 184.44624328613 151.39321899414 131.41860961914 120.009765625 97.535064697266 129.02847290039 136.99424743652 137.54591369629 137.04580688477 137.17463684082 137.99368286133 139.92478942871 142.58390808105 145.26284790039 147.52119445801 149.53005981445 151.35578918457 153.01583862305 154.54859924316 155.09844970703 154.02813720703 151.28082275391 147.27195739746
-999 -999 -999 -999 -999 -999 -999 -999 -999 -999 -999 -999 -999 -999 -999 -999 -999 -999 -999 -999 -999 -999 -999 -999 -999 -999 -999 -999 0 0 0 0 0 0 0 0 2.9647123813629 28.250722885132 119.2672958374 173.8310546875 209.25096130371 229.6856842041 221.70721435547 185.62785339355 115.44689941406 92.223945617676 90.567848205566 121.56407928467 133.92881774902 137.57708740234 136.62094116211 135.01902770996 134.10131835938 134.37950134277 136.73434448242 139.63179016113 142.44982910156 145.36109924316 148.78703308105 152.50448608398 156.17395019531 159.02682495117 160.1766204834 159.13236999512 155.98040771484 151.30332946777
-999 -999 -999 -999 -999 -999 -999 -999 -999 -999 -999 -999 -999 0 -999 -999 -999 -999 -999 -999 -999 -999 -999 -999 -999 -999 -999 -999 0 0 0 0 0 0 0 0 0.037591345608234 19.075996398926 72.544174194336 178.59512329102 226.83152770996 236.55421447754 221.9697265625 193.05729675293 159.90873718262 140.41744995117 135.57557678223 140.16311645508 142.08996582031 140.06050109863 136.873046875 134.34338378906 133.15237426758 133.49136352539 135.40441894531 137.73655700684 140.06518554688 143.30572509766 148.40658569336 154.64694213867 160.87983703613 165.56986999512 167.59504699707 166.72677612305 163.14990234375 157.57275390625
-999 -999 -999 -999 -999 -999 -999 -999 -999 -999 -999 -999 0 -999 -999 -999 -999 -999 -999 -999 -999 -999 -999 -999 -999 -999 0 0 0 0 0 0 0 0 0 0 0 8.4538812637329 47.860748291016 122.94425964355 216.99726867676 231.49691772461 218.14526367188 197.68008422852 178.20365905762 164.37275695801 156.82374572754 152.91621398926 149.04077148438 143.92950439453 138.7513885498 135.45349121094 134.24327087402 134.68890380859 136.07835388184 137.20701599121 138.36547851563 141.40960693359 147.8397064209 156.77368164063 166.14604187012 173.20426940918 176.44342041016 176.17301940918 172.29885864258 165.39071655273
-999 -999 -999 -999 -999 -999 -999 -999 -999 -999 -999 0 -999 -999 -999 -999 -999 -999 -999 -999 -999 -999 -999 -999 -999 0 0 0 0 0.027116980403662 0 0 0 0 0 0 0 6.2902164459229 50.78360748291 164.84643554688 218.3430480957 225.28797912598 212.14476013184 195.44650268555 180.92622375488 170.42317199707 163.8927154541 159.66676330566 155.45542907715 149.59278869629 142.77297973633 138.46908569336 136.75610351563 136.93778991699 137.84544372559 137.45175170898 136.8571472168 139.39918518066 146.40000915527 157.21516418457 169.29965209961 178.5583190918 183.22926330566 184.74475097656 181.42366027832 172.96295166016
-999 -999 -999 -999 -999 -999 -999 -999 -999 -999 -999 -999 -999 -999 -999 -999 -999 -999 -999 -999 -999 -999 -999 -999 -999 0 0.025648310780525 -999 0.35683271288872 0.62694472074509 0.17643474042416 0 0 0 0 0 0 7.5541000366211 56.749950408936 173.56172180176 217.70422363281 218.70355224609 205.36706542969 190.42045593262 177.96353149414 169.4652557373 165.09857177734 163.22398376465 161.56536865234 157.09989929199 149.47532653809 143.20904541016 139.96835327148 138.93507385254 138.9992980957 137.19378662109 134.39440917969 136.01148986816 142.80543518066 153.32260131836 165.24429321289 174.89073181152 181.51016235352 186.82127380371 185.53108215332 176.52291870117
-999 -999 -999 -999 -999 -999 -999 -999 -999 -999 -999 -999 -999 -999 -999 -999 -999 -999 -999 -999 -999 -999 -999 -999 0 0.91672259569168 1.9347754716873 1.3526343107224 0.99734860658646 -999 0.28011167049408 0 0 0 0 0 0 10.508163452148 60.882484436035 172.07569885254 211.57427978516 211.11781311035 198.67347717285 185.2202911377 173.95132446289 166.0948638916 162.52879333496 161.95718383789 163.6736907959 162.70861816406 155.92366027832 148.33981323242 142.63316345215 139.30982971191 137.48440551758 134.36766052246 130.82829284668 131.87098693848 137.37664794922 144.28453063965 151.50407409668 159.64794921875 169.53425598145 178.46821594238 178.26962280273 172.07646179199
-999 -999 -999 -999 -999 -999 -999 -999 -999 -999 -999 -999 -999 -999 -999 -999 -999 -999 -999 -999 -999 -999 -999 -999 0.40064361691475 5.9600987434387 10.362459182739 5.4684972763062 1.2520273923874 0.081107810139656 0 0 0 0 0 0 0 20.328393936157 76.654602050781 174.94583129883 205.57464599609 203.78233337402 192.67390441895 180.91398620605 170.91195678711 162.83563232422 154.90197753906 149.56016540527 156.15731811523 160.39978027344 157.56498718262 150.43339538574 143.0701751709 138.06520080566 135.22563171387 132.02951049805 128.74905395508 129.16337585449 131.81669616699 134.08540344238 137.98941040039 144.45376586914 154.76472473145 164.48959350586 167.06553649902 165.06698608398
-999 -999 -999 -999 -999 -999 -999 -999 -999 -999 -999 -999 -999 -999 -999 -999 -999 -999 -999 -999 -999 -999 -999 0 2.0489637851715 12.540212631226 37.515747070313 10.911395072937 1.3573342561722 0 0 0 0 0 0 0 4.8471097946167 39.408130645752 132.41233825684 185.12944030762 201.24551391602 197.35491943359 187.51776123047 177.40286254883 168.49180603027 159.78282165527 146.01078796387 114.2121887207 144.30322265625 152.79306030273 151.68026733398 146.41513061523 141.00889587402 137.27633666992 134.98159790039 132.76852416992 130.33726501465 128.70225524902 127.45133209229 127.13053131104 129.79260253906 136.04736328125 145.43478393555 154.52764892578 158.8509979248 159.74642944336
-999 -999 -999 -999 -999 -999 -999 -999 -999 -999 -999 -999 -999 -999 -999 -999 -999 -999 -999 -999 -999 -999 -999 0 2.6891121864319 12.821649551392 21.336856842041 11.002381324768 1.8078886270523 0 0.0025347743649036 1.7728495597839 3.0245313644409 2.9743206501007 1.4733268022537 1.4812961816788 15.125749588013 61.111743927002 151.3053894043 189.07447814941 196.58850097656 191.61750793457 183.00866699219 174.19729614258 166.16105651855 158.2562713623 148.3434753418 139.76725769043 142.83657836914 145.33905029297 143.6046295166 140.32511901855 138.72114562988 137.68841552734 136.69671630859 135.32592773438 133.12619018555 130.28262329102 127.35469055176 125.56530761719 126.69277954102 132.97843933105 143.01742553711 150.64686584473 153.57986450195 153.76113891602
-999 -999 -999 -999 -999 -999 -999 -999 -999 -999 -999 -999 -999 -999 -999 -999 -999 -999 -999 -999 -999 -999 -999 0 4.1509280204773 17.524921417236 41.41423034668 16.565845489502 6.4838356971741 4.6202044487 7.7042188644409 14.694630622864 20.063171386719 22.115787506104 19.325677871704 14.514066696167 32.263774871826 108.34454345703 162.83673095703 187.17713928223 190.96409606934 186.365234375 179.03456115723 171.17512512207 163.71437072754 156.84750366211 150.37968444824 145.08666992188 141.93663024902 139.74700927734 138.10032653809 137.59407043457 138.85859680176 139.59906005859 139.69981384277 139.0152130127 137.15800476074 134.01516723633 130.45162963867 127.76698303223 127.11434173584 132.87535095215 143.36860656738 150.4091796875 150.52784729004 147.04266357422
-999 -999 -999 -999 -999 -999 -999 -999 -999 -999 -999 -999 -999 -999 -999 -999 -999 -999 -999 -999 -999 -999 -999 0 8.1334562301636 24.530872344971 46.246315002441 27.949541091919 21.666114807129 20.711889266968 24.688739776611 44.951728820801 57.794994354248 65.791053771973 64.755241394043 40.276206970215 50.193351745605 121.3738861084 165.06567382813 182.03944396973 184.85649108887 181.68408203125 175.77822875977 168.62222290039 161.36238098145 154.85546875 149.37382507324 144.46449279785 139.58312988281 136.08792114258 135.81234741211 137.82029724121 140.58573913574 142.49493408203 143.38635253906 143.4289855957 142.25338745117 139.26054382324 135.18026733398 131.91481018066 131.14921569824 135.48007202148 143.24235534668 148.59623718262 147.15464782715 140.91717529297
-999 -999 -999 -999 -999 -999 -999 -999 -999 -999 -999 -999 -999 -999 -999 -999 -999 -999 -999 -999 -999 -999 -999 2.4073407649994 14.814118385315 44.657123565674 41.720603942871 52.952033996582 52.784881591797 52.582168579102 52.727558135986 47.307929992676 70.117378234863 81.739883422852 86.259750366211 83.131370544434 73.1875 127.49811553955 160.2237701416 173.85513305664 178.14242553711 177.64790344238 173.60501098633 167.07618713379 159.76263427734 153.31259155273 148.55555725098 144.46012878418 139.53118896484 135.88674926758 136.8875579834 140.08674621582 143.48452758789 145.73902893066 146.97503662109 147.65135192871 147.37255859375 144.80938720703 140.21472167969 136.76530456543 135.96926879883 138.32020568848 142.20906066895 144.60369873047 143.56001281738 140.10545349121
-999 -999 -999 -999 -999 -999 -999 -999 -999 -999 -999 -999 -999 -999 -999 -999 -999 -999 -999 -999 -999 -999 6.1976161003113 6.1524834632874 19.274089813232 51.47444152832 58.918716430664 60.738342285156 61.104476928711 62.102268218994 63.385807037354 66.143966674805 74.734664916992 83.906425476074 91.455856323242 97.740783691406 107.54948425293 129.85026550293 150.1683807373 162.74629211426 170.59675598145 174.30345153809 172.91452026367 167.09649658203 159.62608337402 153.27313232422 149.67073059082 147.44842529297 144.11706542969 141.30265808105 141.49884033203 143.91893005371 146.75898742676 148.49354553223 149.44854736328 150.30142211914 150.24418640137 147.79568481445 143.50595092773 140.23126220703 139.31387329102 140.06188964844 140.72923278809 140.52157592773 139.98580932617 139.33395385742
-999 -999 -999 -999 -999 -999 -999 -999 -999 -999 -999 -999 -999 -999 -999 -999 -999 -999 -999 -999 -999 -999 20.480916976929 10.777311325073 23.425178527832 53.127529144287 60.418655395508 60.576438903809 61.4189453125 63.135627746582 65.739189147949 69.440719604492 74.848899841309 81.488700866699 88.948387145996 97.60676574707 108.75330352783 122.93704986572 137.25537109375 150.25305175781 162.23106384277 171.29057312012 173.54043579102 168.4847869873 160.66841125488 154.52687072754 152.31330871582 152.58505249023 151.09831237793 148.47061157227 147.52267456055 148.2039642334 149.2845916748 149.75804138184 150.31903076172 151.01985168457 150.58988952637 148.00880432129 143.83206176758 140.36685180664 139.05508422852 139.09985351563 138.62240600586 138.0182800293 137.49505615234 137.76808166504
-999 -999 -999 -999 -999 -999 -999 -999 -999 -999 -999 -999 -999 -999 -999 -999 -999 -999 -999 -999 -999 15.759022712708 -999 13.812770843506 35.185764312744 52.041213989258 58.355701446533 59.212326049805 60.30712890625 62.360492706299 65.099395751953 68.492393493652 72.736831665039 77.994079589844 84.412605285645 92.256256103516 101.81062316895 112.96413421631 125.17050933838 138.46565246582 153.04072570801 166.86387634277 173.57553100586 169.62854003906 161.26246643066 154.26483154297 152.19064331055 154.66111755371 155.48661804199 154.15129089355 153.08772277832 152.43528747559 151.50672912598 150.4102935791 150.76377868652 150.8031463623 149.50695800781 146.49513244629 141.85624694824 137.21356201172 134.25482177734 133.83572387695 134.73170471191 135.65222167969 134.91673278809 135.01084899902
-999 -999 -999 -999 -999 -999 -999 -999 -999 -999 -999 -999 -999 -999 -999 -999 -999 -999 -999 -999 -999 31.649879455566 25.979215621948 24.981483459473 32.962337493896 51.137649536133 57.373424530029 57.607082366943 59.104114532471 61.410873413086 63.993614196777 66.904693603516 70.396713256836 74.717674255371 80.077117919922 86.674758911133 94.661170959473 104.06372070313 114.95092010498 127.69320678711 142.57815551758 158.15740966797 168.48904418945 167.92269897461 159.77406311035 150.61451721191 145.99147033691 149.41464233398 154.00161743164 156.97221374512 157.95126342773 157.37419128418 155.57235717773 153.41246032715 152.24165344238 150.37321472168 148.01856994629 144.73222351074 139.8849029541 133.93823242188 128.85244750977 128.08879089355 129.77976989746 131.05430603027 131.19529724121 131.59086608887
-999 -999 -999 -999 -999 -999 -999 -999 -999 -999 -999 -999 -999 -999 -999 -999 -999 -999 -999 -999 68.809364318848 69.151931762695 63.796817779541 53.728912353516 53.748508453369 57.369323730469 58.391178131104 56.56632232666 58.075164794922 60.519588470459 62.881031036377 65.349227905273 68.273544311523 71.901931762695 76.41471862793 81.977653503418 88.741592407227 96.825210571289 106.42594146729 117.89659881592 131.44648742676 146.1477355957 158.26606750488 162.0785369873 154.99601745605 141.96389770508 129.42684936523 131.58027648926 146.17846679688 157.70663452148 162.66174316406 163.41204833984 161.79879760742 158.62155151367 154.42492675781 150.3024597168 147.49272155762 144.69775390625 140.40473937988 134.25257873535 127.7526473999 126.04113769531 126.75001525879 127.38565826416 127.83209991455 129.01829528809
-999 -999 -999 -999 -999 -999 -999 -999 -999 -999 -999 -999 -999 -999 -999 -999 -999 -999 84.339462280273 84.199638366699 82.281913757324 78.185508728027 68.059448242188 62.811405181885 61.302463531494 61.090320587158 59.496917724609 56.000747680664 57.155380249023 59.518890380859 61.601470947266 63.75435256958 66.308502197266 69.464042663574 73.365577697754 78.15885925293 83.99250793457 91.003440856934 99.373825073242 109.34004974365 120.97509002686 133.66395568848 145.16952514648 151.1383972168 147.52085876465 132.3787689209 93.557678222656 95.65803527832 139.14823913574 158.41976928711 166.92709350586 169.39683532715 168.95626831055 165.40667724609 158.60620117188 152.06858825684 149.06642150879 147.19937133789 144.28366088867 138.94602966309 132.95938110352 128.97001647949 127.02886962891 126.06420135498 126.12022399902 128.02105712891
-999 -999 -999 -999 -999 -999 -999 -999 -999 -999 -999 -999 -999 -999 -999 -999 -999 -999 86.144424438477 85.332511901855 81.762718200684 72.535278320313 66.53581237793 63.793640136719 63.061172485352 62.44543838501 60.27502822876 55.926132202148 56.136810302734 58.001811981201 59.953659057617 62.028034210205 64.434799194336 67.329551696777 70.831428527832 75.077331542969 80.213050842285 86.364242553711 93.667510986328 102.26694488525 112.12596130371 122.74726104736 132.73515319824 139.85688781738 141.03518676758 135.03228759766 126.10842895508 129.24833679199 145.27317810059 159.72358703613 168.4808807373 172.91258239746 174.61041259766 172.47291564941 164.44743347168 156.80006408691 152.77226257324 151.64277648926 150.51168823242 146.36859130859 140.22883605957 134.29467773438 129.91735839844 127.45990753174 127.11372375488 129.19212341309
-999 -999 -999 -999 -999 -999 -999 -999 -999 -999 -999 -999 -999 -999 -999 -999 -999 84.892417907715 84.495361328125 82.30493927002 77.510215759277 68.888153076172 64.661682128906 63.436485290527 63.398273468018 63.036254882813 61.153678894043 56.629337310791 55.514251708984 56.418201446533 58.177570343018 60.297756195068 62.716339111328 65.502098083496 68.766357421875 72.644485473633 77.273658752441 82.757873535156 89.200866699219 96.71794128418 105.28731536865 114.57620239258 123.75765991211 131.41497802734 135.98170471191 137.39707946777 138.24600219727 142.50746154785 150.80049133301 159.97116088867 167.52214050293 172.89898681641 175.88595581055 174.79899597168 168.63830566406 161.63568115234 157.20635986328 156.54469299316 156.4190826416 152.6697845459 146.15522766113 139.32693481445 133.91247558594 130.86309814453 130.49740600586 132.5096282959
-999 -999 -999 -999 -999 -999 -999 -999 -999 -999 -999 -999 -999 -999 -999 82.203674316406 83.505264282227 83.2138671875 81.391403198242 77.372215270996 70.299224853516 65.920051574707 63.724540710449 63.228485107422 63.405467987061 63.290733337402 62.235656738281 60.069187164307 56.313121795654 55.715023040771 56.83226776123 58.857967376709 61.306842803955 64.063255310059 67.197441101074 70.848281860352 75.138397216797 80.129257202148 85.888565063477 92.572708129883 100.31105041504 108.94291687012 117.79055023193 125.7375793457 131.87803649902 136.28477478027 140.10597229004 145.2749786377 151.85818481445 158.89057922363 165.36967468262 170.63972473145 174.0001373291 174.17501831055 170.77159118652 165.95457458496 162.39495849609 161.07664489746 159.8342590332 155.91036987305 149.67274475098 143.13272094727 137.9518737793 135.12797546387 135.00169372559 137.12214660645
-999 -999 -999 -999 -999 -999 -999 -999 -999 -999 -999 -999 -999 -999 77.928642272949 81.427352905273 81.529762268066 80.413879394531 77.378242492676 70.181861877441 66.183174133301 64.121505737305 63.237949371338 63.048934936523 63.125144958496 63.064376831055 62.618923187256 61.562557220459 59.598320007324 56.357097625732 56.313186645508 57.963119506836 60.371597290039 63.110206604004 66.185844421387 69.734329223633 73.854042053223 78.519905090332 83.714279174805 89.697448730469 96.911239624023 105.36781311035 114.2681350708 122.44458770752 129.25093078613 134.9891204834 140.36827087402 145.96188354492 151.81469726563 157.72430419922 163.32206726074 168.13784790039 171.65711975098 173.15985107422 172.1349029541 169.58120727539 166.90922546387 164.73693847656 162.01837158203 157.49311828613 151.78736877441 146.12010192871 141.70401000977 139.51271057129 139.75846862793 142.00503540039
-999 -999 -999 -999 -999 -999 -999 -999 -999 -999 -999 -999 -999 64.616050720215 75.637771606445 78.514305114746 77.047325134277 75.35001373291 72.650726318359 66.48609161377 64.122169494629 63.255878448486 62.949932098389 62.859851837158 62.806713104248 62.688907623291 62.456764221191 61.910717010498 60.530925750732 58.332656860352 56.347198486328 57.656261444092 60.005710601807 62.713317871094 65.778465270996 69.363723754883 73.534492492676 78.110130310059 82.852966308594 88.148651123047 95.068382263184 103.82550811768 113.20541381836 121.72135162354 128.77920532227 135.05029296875 141.21820068359 146.90240478516 152.0959777832 157.18501281738 162.12351989746 166.66792297363 170.39984130859 172.79568481445 173.30508422852 172.19799804688 170.08232116699 167.36538696289 163.76429748535 159.02342224121 153.96321105957 149.20182800293 145.45367431641 143.78997802734 144.2604675293 146.34672546387
-999 -999 -999 -999 -999 -999 -999 -999 -999 -999 -999 -999 -999 51.554821014404 71.989601135254 73.713737487793 68.453422546387 66.622482299805 65.456176757813 64.00252532959 63.147453308105 62.883487701416 62.848934173584 62.807586669922 62.661312103271 62.417533874512 62.131797790527 61.661796569824 60.199569702148 56.556747436523 56.308067321777 57.918472290039 60.245262145996 62.897937774658 66.001846313477 69.791664123535 74.348365783691 79.289009094238 83.876640319824 88.487686157227 95.40650177002 104.91237640381 115.07154846191 124.00965881348 131.11164855957 137.08193969727 142.66833496094 147.82908630371 152.55335998535 157.15254211426 161.77532958984 166.24716186523 170.1530456543 173.03358459473 174.37867736816 174.01699829102 172.17568969727 169.31745910645 165.6768951416 161.45245361328 157.18818664551 153.24850463867 150.0157623291 148.3790435791 148.51077270508 149.98745727539
-999 -999 -999 -999 -999 -999 -999 -999 -999 -999 -999 -999 26.585290908813 60.104465484619 70.423683166504 66.735679626465 64.276893615723 63.36368560791 63.139072418213 62.969917297363 62.791847229004 62.844451904297 62.985656738281 62.984195709229 62.751770019531 62.296890258789 61.684421539307 61.01944732666 59.771018981934 56.77551651001 57.118412017822 58.900020599365 61.100574493408 63.654842376709 66.856353759766 71.020713806152 76.355056762695 82.392250061035 87.632865905762 92.177780151367 99.39372253418 109.52245330811 120.18272399902 129.12547302246 135.44790649414 140.00726318359 144.11491394043 148.3199005127 152.53117370605 156.95762634277 161.62396240234 166.18807983398 170.16032409668 173.2073059082 174.95863342285 174.99029541016 173.33749389648 170.73735046387 167.60542297363 164.2233581543 160.97557067871 158.04545593262 155.40531921387 153.4596862793 152.85130310059 153.55923461914
-999 -999 -999 -999 -999 -999 -999 -999 -999 -999 -999 9.6674032211304 29.712589263916 62.705646514893 65.281959533691 63.761791229248 62.814514160156 62.667419433594 62.770164489746 62.852657318115 62.915245056152 63.131591796875 63.346954345703 63.300270080566 62.901126861572 62.072856903076 60.550468444824 58.939357757568 58.8918800354 57.947299957275 58.965270996094 60.680755615234 62.605556488037 65.035186767578 68.382904052734 72.996574401855 79.249649047852 86.765289306641 93.59782409668 99.527229309082 107.21463775635 117.28814697266 127.64289093018 135.64898681641 139.94383239746 141.97602844238 143.84664916992 146.65165710449 150.41772460938 155.0638885498 160.21202087402 165.06756591797 168.98239135742 171.92265319824 173.70530700684 173.97808837891 172.87934875488 171.09872436523 168.89375305176 166.51867675781 164.32695007324 162.40507507324 160.52081298828 158.81398010254 157.97071838379 158.25227355957
-999 -999 -999 -999 -999 -999 -999 -999 -999 -999 0.89107155799866 14.190258979797 44.326847076416 63.643394470215 62.136047363281 61.445350646973 61.904449462891 62.523204803467 62.949546813965 63.17985534668 63.364608764648 63.621799468994 63.688014984131 63.244079589844 62.402889251709 61.218475341797 58.691669464111 52.736320495605 57.51286315918 60.010177612305 61.747409820557 63.263229370117 64.897354125977 67.213768005371 70.707130432129 75.758651733398 82.690208435059 91.141647338867 99.625839233398 107.47547912598 115.9725189209 125.68453979492 134.8532409668 140.74694824219 142.11924743652 141.13006591797 140.4924621582 141.46794128418 144.42620849609 149.24949645996 154.86106872559 159.97776794434 163.9573059082 167.27801513672 169.4694519043 170.3296661377 170.26312255859 169.75509643555 168.79801940918 167.5838470459 166.53337097168 165.69497680664 164.9300994873 164.30303955078 164.20458984375 164.73937988281
