all/datos/01-EFM-Pronostico-de-Enero-2021-Lluvia/03_Marzo/GRDS/03_2021_Clim.grd
DSAA
390 228
-118.47924025641 -86.14575974359
14.037283991228 32.871016008772
-999 130.69873046875
[rows 145 to 173 of 228, columns 66 to 131 of 390]
-999 -999 -999 -999 -999 -999 -999 -999 -999 -999 4.4728894233704 4.4539384841919 4.5081148147583 4.6069531440735 4.6509022712708 4.4765253067017 4.0928049087524 3.5822503566742 2.9891526699066 2.3879663944244 1.9382699728012 -999 -999 -999 -999 -999 -999 -999 -999 -999 -999 -999 -999 -999 -999 -999 -999 -999 -999 -999 -999 -999 -999 -999 3.7911729812622 3.8486802577972 3.8539381027222 3.8402910232544 3.8476719856262 3.9318451881409 4.152916431427 4.5233974456787 5.013370513916 5.5492744445801 6.0923323631287 6.6132302284241 7.0893716812134 7.5134153366089 7.8913865089417 8.2434539794922 8.6111059188843 9.0441408157349 9.5979061126709 10.271438598633 11.004024505615 11.765775680542
-999 -999 -999 -999 -999 -999 -999 -999 -999 4.6791334152222 4.5937986373901 4.5188808441162 4.4945549964905 4.4848308563232 4.4010715484619 4.1489429473877 3.7276000976563 3.2050547599792 2.6516156196594 2.1575572490692 -999 -999 -999 -999 -999 -999 -999 -999 -999 -999 -999 -999 -999 -999 -999 -999 -999 -999 -999 -999 -999 -999 -999 -999 -999 3.9717702865601 4.0297245979309 4.0821280479431 4.1624975204468 4.3131799697876 4.5767617225647 4.9737238883972 5.4785218238831 6.0479836463928 6.6499347686768 7.255087852478 7.8354268074036 8.3680896759033 8.842080116272 9.2726917266846 9.6955585479736 10.159934043884 10.738260269165 11.437226295471 12.184324264526 12.959663391113
-999 -999 -999 -999 -999 -999 4.8996810913086 -999 4.8767123222351 4.817006111145 4.7094769477844 4.5699372291565 4.4330258369446 4.2858362197876 4.0759644508362 3.7547931671143 3.3227531909943 2.8272511959076 2.3367953300476 1.9410079717636 -999 -999 -999 -999 -999 -999 -999 -999 -999 -999 -999 -999 -999 -999 -999 -999 -999 -999 -999 -999 -999 -999 -999 -999 -999 -999 4.2064237594604 4.3211016654968 4.4660668373108 4.6736583709717 4.9774813652039 5.3995780944824 5.9180378913879 6.5175719261169 7.1787295341492 7.8727765083313 8.5657396316528 9.2179136276245 9.7954063415527 10.305978775024 10.79484462738 11.321055412292 11.931492805481 12.618291854858 13.334106445313 14.071601867676
-999 -999 -999 -999 -999 4.9541172981262 4.9507207870483 4.9721879959106 4.9766030311584 4.9279356002808 4.8052043914795 4.5924301147461 4.3376259803772 4.0606555938721 3.7429325580597 3.3624722957611 2.9234218597412 2.4648036956787 2.0508685112 1.7470021247864 -999 -999 -999 -999 -999 -999 -999 -999 -999 -999 -999 -999 -999 -999 -999 -999 -999 -999 -999 -999 -999 -999 -999 -999 -999 -999 4.3851289749146 4.5581545829773 4.7580609321594 4.9984073638916 5.3191170692444 5.741464138031 6.2745690345764 6.9132251739502 7.6383280754089 8.4241104125977 9.2339754104614 10.014966964722 10.698342323303 11.276976585388 11.833522796631 12.433334350586 13.087291717529 13.758007049561 14.407349586487 15.051500320435
-999 -999 -999 5.1716380119324 5.1477160453796 5.0582408905029 5.0068912506104 5.0259017944336 5.0483169555664 4.9949865341187 4.8265647888184 4.5415406227112 4.1897735595703 3.813140630722 3.4170827865601 2.9938461780548 2.5511269569397 2.1265206336975 1.7862035036087 -999 -999 -999 -999 -999 -999 -999 -999 -999 -999 -999 -999 -999 -999 -999 -999 -999 -999 -999 -999 -999 -999 -999 -999 -999 -999 -999 4.5613551139832 4.7884588241577 5.0382747650146 5.3076119422913 5.6215219497681 6.0154843330383 6.544454574585 7.217378616333 8.0100240707397 8.8743181228638 9.7739772796631 10.662483215332 11.440268516541 12.073532104492 12.703338623047 13.390543937683 14.112051963806 14.780854225159 15.341592788696 15.84902381897
-999 -999 5.2437214851379 5.3803992271423 5.374445438385 5.2446022033691 5.1198606491089 5.1036386489868 5.1197361946106 5.0347061157227 4.7926049232483 4.4222474098206 3.9872016906738 3.5394067764282 3.096179485321 2.656078338623 2.2232758998871 1.8343141078949 1.5619430541992 -999 -999 -999 -999 -999 -999 -999 -999 -999 -999 -999 -999 -999 -999 -999 -999 -999 -999 -999 -999 -999 -999 -999 -999 -999 -999 -999 4.7311162948608 5.0143885612488 5.3205013275146 5.6327042579651 5.9568305015564 6.3306784629822 6.8526406288147 7.5390915870667 8.355414390564 9.2366724014282 10.147112846375 11.052412986755 11.876881599426 12.596663475037 13.314066886902 14.093542098999 14.903279304504 15.594645500183 16.05495262146 16.413520812988
4.8362994194031 5.0845103263855 5.3452777862549 5.5642042160034 5.6133360862732 5.4598484039307 5.2695465087891 5.1852130889893 5.1798176765442 5.0498380661011 4.7154726982117 4.2480282783508 3.7352650165558 3.2379462718964 2.7790031433105 -999 -999 1.6340898275375 -999 -999 -999 -999 -999 -999 -999 -999 -999 -999 -999 -999 -999 -999 -999 -999 -999 -999 -999 -999 -999 -999 -999 -999 -999 -999 -999 4.6108145713806 4.8980913162231 5.252525806427 5.635835647583 6.0162191390991 6.3937439918518 6.8092994689941 7.3360719680786 7.9980959892273 8.7583284378052 9.5691967010498 10.4054479599 11.258644104004 12.088949203491 12.865842819214 13.635034561157 14.45267868042 15.305665016174 16.03670501709 16.428308486938 16.705274581909
4.8058891296387 5.0676727294922 5.3535923957825 5.6260652542114 5.7592253684998 5.656261920929 5.4015913009644 5.1938333511353 5.1455230712891 4.9846730232239 4.5661473274231 4.0116300582886 3.4361882209778 2.9119699001312 2.4701547622681 -999 1.7755578756332 1.52288377285 -999 -999 -999 -999 -999 -999 -999 -999 -999 -999 -999 -999 -999 -999 -999 -999 -999 -999 -999 -999 -999 -999 -999 -999 -999 -999 4.5097718238831 4.7322430610657 5.0796141624451 5.5281953811646 6.0093412399292 6.4755921363831 6.9253301620483 7.3924202919006 7.924741268158 8.545352935791 9.2298851013184 9.9389581680298 10.660300254822 11.429715156555 12.224724769592 12.985472679138 13.719185829163 14.466667175293 15.237815856934 15.933880805969 16.425130844116 16.759077072144
4.7693672180176 5.0187749862671 5.3010787963867 5.626636505127 5.8945093154907 5.8931198120117 5.579258441925 5.1730613708496 5.0233726501465 4.8056921958923 4.3181867599487 3.7099041938782 3.1036372184753 2.5824916362762 -999 1.8880436420441 1.6451876163483 -999 -999 -999 -999 -999 -999 -999 -999 -999 -999 -999 -999 -999 -999 -999 -999 -999 -999 -999 -999 -999 -999 3.9473111629486 4.1696743965149 4.3365445137024 -999 4.5184316635132 4.6507740020752 4.8988628387451 5.3200159072876 5.8780474662781 6.4620189666748 7.010226726532 7.5176286697388 8.0138235092163 8.5397205352783 9.1229963302612 9.7529821395874 10.39643573761 11.032150268555 11.704154014587 12.402032852173 13.070111274719 13.692604064941 14.292757034302 14.932149887085 15.632618904114 16.256496429443 16.714748382568
4.7605838775635 4.9912328720093 5.2656755447388 5.6399369239807 6.0576796531677 6.190167427063 5.8827810287476 5.4135718345642 5.0141444206238 4.5706419944763 3.9972438812256 3.368631362915 2.7788960933685 2.3106648921967 -999 1.7428745031357 -999 -999 -999 -999 -999 -999 -999 -999 -999 -999 -999 -999 -999 -999 -999 -999 -999 -999 -999 -999 -999 -999 -999 4.0158505439758 4.280957698822 4.4821305274963 4.5945930480957 4.6917743682861 4.8617601394653 5.1760559082031 5.6779937744141 6.3263030052185 7.0000376701355 7.6099286079407 8.1425943374634 8.63623046875 9.138952255249 9.6854667663574 10.282649040222 10.912130355835 11.531886100769 12.100797653198 12.652544975281 13.191602706909 13.692812919617 14.156343460083 14.673289299011 15.426449775696 16.165578842163 16.723634719849
4.78533411026 5.0004620552063 5.2763514518738 5.6574807167053 6.0776624679565 6.2693257331848 6.0135746002197 5.5760369300842 4.9758281707764 4.2949738502502 3.6356732845306 3.0311601161957 2.5106108188629 -999 -999 -999 -999 -999 -999 -999 -999 -999 -999 -999 -999 -999 -999 -999 -999 -999 -999 -999 -999 -999 -999 -999 -999 -999 3.7259676456451 3.9912910461426 4.2719287872314 4.5070996284485 4.6559371948242 4.843569278717 5.0948448181152 5.4966225624084 6.0854964256287 6.8240203857422 7.5844902992249 8.2376375198364 8.7639999389648 9.2286825180054 9.6931447982788 10.194595336914 10.751994132996 11.360159873962 11.972197532654 12.467958450317 12.916436195374 13.353064537048 13.779425621033 14.203382492065 14.740610122681 15.507433891296 16.267789840698 16.848413467407
4.815571308136 4.9980101585388 5.2255911827087 5.5087370872498 5.7820000648499 5.8746852874756 5.6724886894226 5.238899230957 4.5982613563538 3.8682136535645 3.2312569618225 2.7206428050995 2.3097581863403 -999 -999 -999 -999 -999 -999 -999 -999 -999 -999 -999 -999 -999 -999 -999 -999 -999 -999 -999 -999 -999 -999 -999 -999 3.4521934986115 3.6551747322083 3.8770487308502 4.0998816490173 4.3138937950134 4.5605387687683 4.8693871498108 5.2509994506836 5.7480692863464 6.4190912246704 7.2556285858154 8.1207847595215 8.8136825561523 9.324725151062 9.7612066268921 10.187382698059 10.638683319092 11.137011528015 11.681762695313 12.245342254639 12.737839698792 13.152178764343 13.524754524231 13.889397621155 14.309909820557 14.913427352905 15.724011421204 16.468746185303 17.036912918091
4.823851108551 4.9446182250977 5.069860458374 5.1946892738342 5.2798428535461 5.2393627166748 5.0092492103577 4.5863103866577 3.9993331432343 3.3552649021149 2.83656001091 2.4533574581146 2.1468067169189 -999 -999 -999 -999 -999 -999 -999 -999 -999 -999 -999 -999 -999 -999 -999 -999 -999 -999 -999 -999 -999 -999 -999 3.263551235199 3.4065675735474 3.5784277915955 3.765604019165 3.9532754421234 4.1680383682251 4.4687156677246 4.8643393516541 5.3367114067078 5.8920383453369 6.6054086685181 7.4993200302124 8.455150604248 9.2070960998535 9.7653913497925 10.222098350525 10.631001472473 11.035676002502 11.477414131165 11.976979255676 12.509985923767 13.005702018738 13.415633201599 13.740367889404 14.020784378052 14.381812095642 14.993271827698 15.807059288025 16.589153289795 17.221109390259
4.8065624237061 4.8399538993835 4.8370079994202 4.7965269088745 4.7065253257751 4.5368189811707 4.2631235122681 3.8753027915955 3.3930904865265 2.9037833213806 2.5236387252808 -999 -999 -999 -999 -999 -999 -999 -999 -999 -999 -999 -999 -999 -999 -999 -999 -999 -999 -999 -999 -999 -999 3.0256087779999 3.1124811172485 3.1862332820892 3.2668263912201 3.3826131820679 3.5443654060364 3.7317674160004 3.9307951927185 4.1651787757874 4.4763450622559 4.8836317062378 5.3884029388428 5.9555993080139 6.6765561103821 7.5742492675781 8.5480880737305 9.4280014038086 10.126890182495 10.665143013 11.078040122986 11.429403305054 11.814668655396 12.295144081116 12.842520713806 13.370742797852 13.804574012756 14.11242389679 14.321159362793 14.571230888367 15.146971702576 15.958351135254 16.774307250977 17.460454940796
4.7938852310181 4.726019859314 4.5924859046936 4.4028520584106 4.1575064659119 3.8727827072144 3.5699274539948 3.2404651641846 2.8753218650818 2.5235900878906 -999 -999 -999 -999 -999 -999 -999 -999 -999 -999 -999 -999 -999 -999 -999 -999 -999 -999 -999 -999 -999 -999 3.0429022312164 3.1410341262817 3.214054107666 3.2671294212341 3.3174519538879 3.4144999980927 3.5852501392365 3.7905333042145 4.0132179260254 4.2659544944763 4.5679731369019 4.9364161491394 5.4108695983887 6.0556921958923 6.8354125022888 7.7345123291016 8.7350654602051 9.7359962463379 10.582117080688 11.226619720459 11.642649650574 11.901248931885 12.201829910278 12.684343338013 13.288064956665 13.885476112366 14.385870933533 14.744735717773 14.972267150879 15.194066047668 15.677066802979 16.423666000366 17.195219039917 17.845672607422
4.8384127616882 4.6848378181458 4.4318590164185 4.1044573783875 3.7163805961609 3.3237760066986 3.0098369121552 2.7555212974548 2.5047371387482 2.2710921764374 -999 -999 -999 -999 -999 -999 -999 -999 -999 -999 -999 -999 -999 -999 -999 -999 -999 -999 -999 2.7745645046234 -999 3.0591022968292 3.1816112995148 3.2788739204407 3.3503499031067 3.4055955410004 3.4567158222198 3.5475389957428 3.7200407981873 3.9348096847534 4.1791915893555 4.4569277763367 4.7752094268799 5.1511735916138 5.6499738693237 6.3744902610779 7.2425661087036 8.2095317840576 9.2655649185181 10.336054801941 11.302618980408 12.078804969788 12.491997718811 12.591361045837 12.744490623474 13.234261512756 13.900257110596 14.569972038269 15.157324790955 15.624266624451 15.957867622375 16.221292495728 16.612483978271 17.207387924194 17.851413726807 18.384969711304
4.9747233390808 4.7604050636292 4.4090671539307 3.9632623195648 3.4635379314423 2.9819672107697 2.6684975624084 2.4720151424408 2.3017635345459 -999 -999 -999 -999 -999 -999 -999 -999 -999 -999 -999 -999 -999 -999 -999 -999 -999 -999 -999 -999 -999 3.0497632026672 3.1985268592834 3.3332145214081 3.4345483779907 3.5045609474182 3.5674154758453 3.650288105011 3.7595436573029 3.9217982292175 4.1398673057556 4.4123525619507 4.7359285354614 5.1158876419067 5.5707263946533 6.1596431732178 6.9372639656067 7.8769369125366 8.9349231719971 10.078663825989 11.24987411499 12.358171463013 13.318866729736 13.739707946777 13.669315338135 13.637249946594 14.079616546631 14.725754737854 15.404599189758 16.041234970093 16.60365486145 17.057577133179 17.351850509644 17.676231384277 18.156253814697 18.666715621948 19.039484024048
5.1880970001221 4.9239025115967 4.4925985336304 3.972244977951 3.4285581111908 2.9419145584106 2.6040964126587 2.3958246707916 2.2436380386353 -999 -999 -999 -999 -999 -999 -999 -999 -999 -999 -999 -999 -999 -999 -999 -999 -999 -999 -999 -999 -999 3.1775388717651 3.3392999172211 3.4942116737366 3.5999970436096 3.6550314426422 3.6971035003662 3.7659146785736 3.9284591674805 4.1113867759705 4.3635563850403 4.6890463829041 5.0811429023743 5.5432481765747 6.0937533378601 6.7722311019897 7.6148772239685 8.6249666213989 9.7697219848633 11.014078140259 12.316827774048 13.614456176758 14.726767539978 15.167395591736 15.047013282776 14.964695930481 15.223620414734 15.726761817932 16.322881698608 16.931917190552 17.51026725769 18.002038955688 18.355020523071 18.684551239014 19.150018692017 19.566997528076 19.75862121582
5.4081945419312 5.0906715393066 4.6114544868469 4.0644359588623 3.5234649181366 3.0524106025696 2.6985952854156 2.4564301967621 -999 -999 -999 -999 -999 -999 -999 -999 -999 -999 -999 -999 -999 -999 -999 -999 -999 -999 -999 -999 -999 -999 3.3094627857208 3.4739782810211 3.6466820240021 3.7542285919189 3.7938022613525 3.819301366806 3.8816981315613 4.0296235084534 4.2639970779419 4.5853462219238 4.9847450256348 5.4549026489258 5.9992523193359 6.6357021331787 7.3960065841675 8.3119974136353 9.3888139724731 10.603302955627 11.916212081909 13.281173706055 14.614003181458 15.703650474548 16.230884552002 16.276960372925 16.255228042603 16.412391662598 16.760999679565 17.22784614563 17.752271652222 18.287994384766 18.785507202148 19.219062805176 19.650140762329 20.122367858887 20.467096328735 20.456052780151
5.6003589630127 5.2077264785767 4.7098031044006 4.1682415008545 3.6472942829132 3.1944839954376 -999 -999 -999 -999 -999 -999 -999 -999 -999 -999 -999 -999 -999 -999 -999 -999 -999 -999 -999 -999 -999 -999 -999 3.311247587204 3.4526569843292 3.6052892208099 3.7626488208771 3.8719191551208 3.9210579395294 3.9509394168854 4.0127849578857 4.1639924049377 4.4334330558777 4.8167209625244 5.2902474403381 5.8351621627808 6.4521675109863 7.160436630249 7.9948177337646 8.981032371521 10.116536140442 11.3762550354 12.711310386658 14.063009262085 15.335571289063 16.362356185913 16.9798412323 17.229190826416 17.329160690308 17.462156295776 17.695678710938 18.03179359436 18.453081130981 18.931053161621 19.426342010498 19.913591384888 20.405307769775 20.883115768433 21.165943145752 20.933866500854
5.7788686752319 5.303258895874 4.7793545722961 4.2461948394775 -999 -999 -999 -999 -999 -999 -999 -999 -999 -999 -999 -999 -999 -999 -999 -999 -999 -999 -999 -999 -999 -999 -999 -999 -999 -999 3.606351852417 3.747656583786 3.8854541778564 3.9931824207306 4.0601511001587 4.1084656715393 4.1794514656067 4.3307199478149 4.6263642311096 5.0710306167603 5.6133460998535 6.2226362228394 6.8992204666138 7.6647067070007 8.5597152709961 9.6111555099487 10.796935081482 12.078395843506 13.407357215881 14.721388816833 15.935247421265 16.934579849243 17.626834869385 18.020244598389 18.218770980835 18.343330383301 18.480899810791 18.68830871582 19.000528335571 19.414976119995 19.886810302734 20.361967086792 20.803869247437 21.170366287231 21.302675247192 20.811527252197
5.9222531318665 5.3694825172424 4.8132786750793 4.2839303016663 -999 -999 -999 -999 -999 -999 -999 -999 -999 -999 -999 -999 -999 -999 -999 -999 -999 -999 -999 -999 -999 -999 -999 -999 -999 -999 3.7714450359344 3.9066295623779 4.0371580123901 4.1501536369324 4.2381181716919 4.3129105567932 4.4047455787659 4.566605091095 4.8859400749207 5.381217956543 5.9740023612976 6.6320586204529 7.3547711372375 8.1633644104004 9.1024303436279 10.208113670349 11.427984237671 12.717393875122 14.032431602478 15.317847251892 16.506879806519 17.517669677734 18.276142120361 18.759353637695 19.005487442017 19.097578048706 19.130020141602 19.195411682129 19.384475708008 19.720254898071 20.129568099976 20.517309188843 20.783721923828 20.862508773804 20.622716903687 19.837774276733
5.9964995384216 5.3796954154968 4.7941904067993 4.2716889381409 -999 -999 -999 -999 -999 -999 -999 -999 -999 -999 -999 -999 -999 -999 -999 -999 -999 -999 -999 -999 -999 3.3098087310791 -999 -999 3.685560464859 3.816211938858 3.9500267505646 4.0871992111206 4.2236113548279 4.3514823913574 4.465886592865 4.5766258239746 4.7110629081726 4.9201021194458 5.270649433136 5.7747297286987 6.3859186172485 7.0724601745605 7.8303484916687 8.6788988113403 9.6586437225342 10.786116600037 12.015623092651 13.299766540527 14.59956741333 15.870507240295 17.063669204712 18.114925384521 18.945909500122 19.491020202637 19.740797042847 19.769330978394 19.686840057373 19.602802276611 19.642976760864 19.858694076538 20.135353088379 20.365213394165 20.387525558472 20.146842956543 19.609226226807 18.744245529175
5.9725031852722 5.305214881897 4.7047162055969 4.2064089775085 -999 -999 -999 -999 -999 -999 -999 -999 -999 -999 -999 -999 -999 -999 -999 -999 -999 -999 -999 3.2519719600677 3.3746192455292 3.4976561069489 3.6201987266541 3.7443041801453 3.8714764118195 4.0034484863281 4.1432104110718 4.291853427887 4.4453287124634 4.5963802337646 4.741783618927 4.8926153182983 5.0756015777588 5.3334336280823 5.7114882469177 6.2197866439819 6.8361392021179 7.5395283699036 8.3237581253052 9.201958656311 10.205530166626 11.339950561523 12.560070037842 13.825337409973 15.103756904602 16.361928939819 17.567626953125 18.672929763794 19.590307235718 20.194709777832 20.416801452637 20.36315536499 20.176639556885 19.972620010376 19.857208251953 19.862722396851 19.91077041626 19.891954421997 19.683403015137 19.237384796143 18.568807601929 17.727476119995
5.8241510391235 5.126503944397 4.5388259887695 -999 -999 -999 -999 -999 -999 -999 -999 -999 -999 -999 -999 -999 -999 -999 -999 -999 -999 3.1993832588196 3.3176584243774 3.4387195110321 3.5622777938843 3.6869945526123 3.8118052482605 3.9367210865021 4.0639896392822 4.2001118659973 4.3519024848938 4.5214767456055 4.7022724151611 4.8831753730774 5.0601453781128 5.245165348053 5.46497631073 5.7584247589111 6.1597723960876 6.678656578064 7.3019466400146 8.0181074142456 8.8214149475098 9.7200012207031 10.733687400818 11.858864784241 13.054277420044 14.286067962646 15.527795791626 16.756605148315 17.955303192139 19.0911693573 20.081546783447 20.757802963257 20.937210083008 20.819416046143 20.557460784912 20.249263763428 19.966638565063 19.733926773071 19.51194190979 19.229978561401 18.817434310913 18.24666595459 17.539632797241 16.749731063843
5.5606002807617 4.866114616394 4.3231859207153 -999 -999 -999 -999 -999 -999 -999 -999 -999 -999 -999 -999 -999 -999 -999 -999 -999 -999 3.3808176517487 3.5003390312195 3.6241450309753 3.7525370121002 3.8828248977661 4.0123333930969 4.1398673057556 4.2684464454651 4.4096693992615 4.5789799690247 4.7807297706604 4.9984159469604 5.2124137878418 5.4170560836792 5.6241869926453 5.8633852005005 6.1777443885803 6.6020007133484 7.1420021057129 7.7763366699219 8.4990816116333 9.3084802627563 10.215257644653 11.226173400879 12.32844543457 13.487593650818 14.671718597412 15.85511302948 17.023115158081 18.170087814331 19.272472381592 20.249006271362 20.931171417236 21.166488647461 21.07382774353 20.784219741821 20.384252548218 19.936983108521 19.474117279053 18.994512557983 18.472625732422 17.882127761841 17.217840194702 16.498769760132 15.757832527161
5.2962975502014 4.6261119842529 4.151095867157 -999 -999 -999 -999 -999 -999 -999 -999 -999 -999 -999 -999 -999 -999 -999 -999 -999 3.4450724124908 3.5601401329041 3.6829090118408 3.8136348724365 3.9512989521027 4.0917196273804 4.230516910553 4.3649125099182 4.4976477622986 4.6449103355408 4.8361353874207 5.0798654556274 5.3427910804749 5.5915026664734 5.8187217712402 6.037540435791 6.2813124656677 6.6041789054871 7.0578074455261 7.635883808136 8.2860345840454 8.9912929534912 9.7775812149048 10.668647766113 11.659690856934 12.731155395508 13.849641799927 14.976283073425 16.07862663269 17.148838043213 18.196186065674 19.208150863647 20.115377426147 20.793575286865 21.137273788452 21.144214630127 20.865997314453 20.382568359375 19.77645111084 19.102354049683 18.390005111694 17.651737213135 16.899211883545 16.151638031006 15.425379753113 14.73194026947
5.1585335731506 4.5543360710144 -999 -999 -999 -999 -999 -999 -999 -999 -999 -999 -999 -999 -999 -999 -999 -999 -999 3.5194902420044 3.6233205795288 3.7396976947784 3.8692939281464 4.0108079910278 4.1616578102112 4.3172826766968 4.4729008674622 4.6244173049927 4.7732701301575 4.9345030784607 5.1480751037598 5.4429359436035 5.753565788269 6.0333132743835 6.278106212616 6.5063447952271 6.7531428337097 7.0823287963867 7.5788254737854 8.2172002792358 8.8731250762939 9.5222663879395 10.239074707031 11.078684806824 12.021620750427 13.048352241516 14.124534606934 15.191960334778 16.192937850952 17.133428573608 18.049760818481 18.951175689697 19.795894622803 20.498533248901 20.960536956787 21.091310501099 20.83500289917 20.270732879639 19.517660140991 18.651393890381 17.72243309021 16.778781890869 15.866127967834 15.035368919373 14.306956291199 13.67552280426
5.1932606697083 4.679904460907 -999 -999 -999 -999 -999 -999 -999 -999 -999 -999 -999 -999 -999 -999 -999 -999 3.6104774475098 3.6960608959198 3.7991337776184 3.9210739135742 4.0596652030945 4.2133059501648 4.3804383277893 4.5580015182495 4.7426462173462 4.9303421974182 5.1183176040649 5.3180775642395 5.5681629180908 5.9008378982544 6.2417259216309 6.538941860199 6.7985229492188 7.0458092689514 7.3219590187073 7.6942009925842 8.2581787109375 8.9560537338257 9.5817823410034 10.12474155426 10.71803855896 11.444478034973 12.293472290039 13.250214576721 14.277106285095 15.292194366455 16.178541183472 16.97606086731 17.752275466919 18.545114517212 19.34693145752 20.090858459473 20.664182662964 20.925567626953 20.690942764282 20.071128845215 19.200023651123 18.160902023315 17.023855209351 15.869376182556 14.785568237305 13.853186607361 13.123964309692 12.591989517212
