datos/01-EFM-Pronostico-de-Enero-2021-Lluvia/03_Marzo/GRDS/03_2021_Anom.grd
DSAA
390 228
-118.47924025641 -86.14575974359
14.037283991228 32.871016008772
-999 17.65128326416
[rows 58 to 86 of 228, columns 130 to 194 of 390]
-999 -999 -999 -999 -999 -999 -999 -999 -999 -999 -999 -999 -999 -999 -999 -999 -999 -999 -999 -999 -999 -999 -999 -999 -999 -999 -999 -999 -999 -999 -999 -999 -999 -999 -999 -999 -999 -999 -999 -999 -999 -999 -999 -999 -999 -999 2.4951210021973 3.0151438713074 3.0606021881104 2.7735824584961 2.8514804840088 3.0903103351593 3.034012556076 2.726612329483 2.3384666442871 1.9705278873444 1.6326661109924 1.3225029706955 1.0291866064072 0.39811217784882 0.22208917140961 0.29050096869469 0.4566193819046 0.69652408361435 1.0411112308502
-999 -999 -999 -999 -999 -999 -999 -999 -999 -999 -999 -999 -999 -999 -999 -999 -999 -999 -999 -999 -999 -999 -999 -999 -999 -999 -999 -999 -999 -999 -999 -999 -999 -999 -999 -999 -999 -999 -999 -999 -999 -999 -999 -999 0.90213227272034 1.2913222312927 2.767909526825 3.2182266712189 2.0397274494171 1.612783908844 1.7202231884003 2.948940038681 3.03648853302 2.6895244121552 2.2423973083496 1.8303617238998 1.4972447156906 1.235836148262 0.95101541280746 0.42513820528984 0.33228653669357 0.4646674990654 0.70921432971954 1.1112194061279 1.9414207935333
-999 -999 -999 -999 -999 -999 -999 -999 -999 -999 -999 -999 -999 -999 -999 -999 -999 -999 -999 -999 -999 -999 -999 -999 -999 -999 -999 -999 -999 -999 -999 -999 -999 -999 -999 -999 -999 -999 -999 -999 -999 -999 3.4087772369385 2.5020995140076 0.8370401263237 1.8782058954239 2.9545719623566 3.4460163116455 3.245552778244 2.9861209392548 2.9899888038635 3.1614584922791 3.0386459827423 2.6334388256073 2.1479632854462 1.6890512704849 1.3025720119476 1.0174452066422 0.81502598524094 0.70412296056747 0.78702855110168 1.02876329422 1.357536315918 1.7724103927612 2.2658903598785
-999 -999 -999 -999 -999 -999 -999 -999 -999 -999 -999 -999 -999 -999 -999 -999 -999 -999 -999 -999 -999 -999 -999 -999 -999 -999 -999 -999 -999 -999 -999 -999 -999 -999 -999 -999 -999 -999 -999 -999 -999 4.5103244781494 4.1507797241211 3.5452766418457 2.9242928028107 3.0232827663422 3.4677448272705 3.7168126106262 3.6825714111328 3.5501348972321 3.4517087936401 3.3060657978058 3.0057656764984 2.5620956420898 2.057909488678 1.5591506958008 1.1112334728241 0.76421511173248 0.56721496582031 0.57530152797699 0.79364693164825 1.1444294452667 1.5415385961533 1.9447196722031 2.3375542163849
-999 -999 -999 -999 -999 -999 -999 -999 -999 -999 -999 -999 -999 -999 -999 -999 -999 -999 -999 -999 -999 -999 -999 -999 -999 -999 -999 -999 -999 -999 -999 -999 -999 -999 -999 -999 -999 5.7536764144897 5.655571937561 5.5045351982117 5.3460459709167 5.1801648139954 4.9329714775085 4.5797967910767 4.2328653335571 4.0679907798767 4.0102281570435 3.8507542610168 3.6740505695343 3.5654237270355 3.4667932987213 3.2676799297333 2.9339804649353 2.490243434906 1.9879001379013 1.4716244935989 0.97935509681702 0.56231153011322 0.30876955389977 0.33590346574783 0.65046256780624 1.1017880439758 1.5622638463974 1.9826179742813 2.3505384922028
-999 -999 -999 -999 -999 -999 -999 -999 -999 -999 -999 -999 -999 -999 -999 -999 -999 -999 -999 -999 -999 -999 -999 -999 -999 -999 -999 -999 -999 -999 -999 -999 -999 -999 -999 5.9782466888428 6.0338912010193 6.0586967468262 6.0137319564819 5.9272499084473 5.8540444374084 5.7910223007202 5.6606822013855 5.4364585876465 5.1450400352478 4.7893004417419 4.3232173919678 3.7933130264282 3.4272046089172 3.3624582290649 3.3411192893982 3.1873064041138 2.8753478527069 2.4515759944916 1.9680304527283 1.4636389017105 0.97151529788971 0.53898561000824 0.25665006041527 0.25615203380585 0.64704465866089 1.1572955846786 1.6486361026764 2.0708820819855 2.4138534069061
-999 -999 -999 -999 -999 -999 -999 -999 -999 -999 -999 -999 -999 -999 -999 -999 -999 -999 -999 -999 -999 -999 -999 -999 -999 -999 -999 -999 -999 -999 -999 -999 -999 5.9526166915894 6.0417580604553 6.1276626586914 6.2049036026001 6.259726524353 6.2757639884949 6.2729144096375 6.2854895591736 6.3068580627441 6.2742943763733 6.1318535804749 5.8427696228027 5.3315014839172 4.5239415168762 3.6428136825562 3.0597212314606 3.118017911911 3.2566337585449 3.1613736152649 2.8687922954559 2.4635360240936 2.0091829299927 1.5459452867508 1.107871055603 0.74244725704193 0.53115564584732 0.58260059356689 0.9302579164505 1.4140224456787 1.8824924230576 2.27299284935 2.576648235321
-999 -999 -999 -999 -999 -999 -999 -999 -999 -999 -999 -999 -999 -999 -999 -999 -999 -999 -999 -999 -999 -999 -999 -999 -999 -999 -999 -999 -999 -999 -999 -999 -999 6.0208339691162 6.1169724464417 6.2109031677246 6.3016219139099 6.3825788497925 6.4516086578369 6.52130651474 6.6079573631287 6.7024936676025 6.7430591583252 6.6441812515259 6.348090171814 5.7675595283508 4.785080909729 3.6822891235352 3.0150992870331 3.1682863235474 3.3377418518066 3.2241113185883 2.9162864685059 2.5182113647461 2.096923828125 1.6934072971344 1.3407870531082 1.0805019140244 0.97097790241241 1.0757744312286 1.3964043855667 1.8299345970154 2.2435827255249 2.5797250270844 2.8400385379791
-999 -999 -999 -999 -999 -999 -999 -999 -999 -999 -999 -999 -999 -999 -999 -999 -999 -999 -999 -999 -999 -999 -999 -999 -999 -999 -999 -999 -999 -999 -999 -999 5.9392890930176 6.0420203208923 6.1413269042969 6.2405114173889 6.3393487930298 6.4366455078125 6.5353379249573 6.6429452896118 6.7705764770508 6.9094257354736 6.9932622909546 6.8869881629944 6.5415978431702 5.9474101066589 5.0351266860962 4.1010217666626 3.5840990543365 3.5647728443146 3.5584237575531 3.3378834724426 2.9814882278442 2.5837955474854 2.200038433075 1.8641263246536 1.6045964956284 1.4496641159058 1.4299349784851 1.5770474672318 1.8874638080597 2.2907087802887 2.6508910655975 2.93705534935 3.1752710342407
-999 -999 -999 -999 -999 -999 -999 -999 -999 -999 -999 -999 -999 -999 -999 -999 -999 -999 -999 -999 -999 -999 -999 -999 -999 -999 -999 -999 -999 -999 -999 5.7986965179443 5.911238193512 6.0191645622253 6.1225686073303 6.2239780426025 6.3235330581665 6.4226565361023 6.5216016769409 6.6243553161621 6.7365384101868 6.8485040664673 6.9000973701477 6.7414593696594 6.3460507392883 5.7817215919495 5.0847139358521 4.443103313446 4.0861220359802 3.9892489910126 3.7657694816589 3.4082515239716 3.0073614120483 2.6230459213257 2.2874004840851 2.0234611034393 1.8554816246033 1.7961585521698 1.8476448059082 2.0188853740692 2.31036901474 2.6811981201172 3.0172629356384 3.2856917381287 3.5419223308563
-999 -999 -999 -999 -999 -999 -999 -999 -999 -999 -999 -999 -999 -999 -999 -999 -999 -999 -999 -999 -999 -999 -999 -999 -999 -999 -999 -999 -999 -999 5.6330680847168 5.7348341941833 5.84836769104 5.9617071151733 6.0691132545471 6.1686043739319 6.2610430717468 6.3457374572754 6.4193272590637 6.4780330657959 6.5167455673218 6.5193862915039 6.4386782646179 6.2082538604736 5.8308501243591 5.368800163269 4.8802890777588 4.4614224433899 4.1940159797668 4.0106644630432 3.7188816070557 3.3320744037628 2.9478535652161 2.6125619411469 2.3442771434784 2.1580913066864 2.0806896686554 2.110711812973 2.2242724895477 2.4133453369141 2.678414106369 3.0211629867554 3.3511738777161 3.6364381313324 3.9074885845184
-999 -999 -999 -999 -999 -999 -999 -999 -999 -999 -999 -999 -999 -999 -999 -999 -999 -999 -999 -999 -999 -999 -999 -999 -999 -999 -999 -999 -999 5.4744672775269 5.5466861724854 5.6367607116699 5.7448196411133 5.8679976463318 5.9861674308777 6.0839176177979 6.1616811752319 6.2199015617371 6.2522287368774 6.2445969581604 6.178478717804 6.0355539321899 5.8025507926941 5.4879493713379 5.1373858451843 4.7938647270203 4.4711208343506 4.190712928772 3.9632544517517 3.7401161193848 3.452609539032 3.1181993484497 2.8044748306274 2.5533740520477 2.3757133483887 2.2807292938232 2.2926819324493 2.4003992080688 2.5723299980164 2.8008382320404 3.0779635906219 3.3999013900757 3.6963858604431 3.9649908542633 4.2347383499146
-999 -999 -999 -999 -999 -999 -999 -999 -999 -999 -999 -999 -999 -999 -999 -999 -999 -999 -999 -999 -999 -999 -999 -999 -999 -999 -999 -999 5.3419146537781 5.3931636810303 5.4270458221436 5.4461030960083 5.5100502967834 5.6829419136047 5.8640480041504 5.9780812263489 6.0383286476135 6.0628666877747 6.0485157966614 5.9726047515869 5.8018097877502 5.5187382698059 5.1445546150208 4.7392077445984 4.403772354126 4.1654152870178 3.9643700122833 3.7702126502991 3.5717663764954 3.3493492603302 3.0944368839264 2.8344333171844 2.6127600669861 2.4607572555542 2.3830699920654 2.3860416412354 2.4786751270294 2.6424298286438 2.853289604187 3.125239610672 3.4561579227448 3.750819683075 3.9831161499023 4.2044334411621 4.4528012275696
-999 -999 -999 -999 -999 -999 -999 -999 -999 -999 -999 -999 -999 -999 -999 -999 -999 -999 -999 -999 -999 -999 -999 -999 -999 -999 -999 -999 5.2855582237244 5.2950663566589 5.2155938148499 4.9733276367188 4.7977132797241 5.2469201087952 5.6808042526245 5.8603010177612 5.9054493904114 5.8907957077026 5.8281764984131 5.6935133934021 5.4398221969604 5.0496807098389 4.5824241638184 4.1116466522217 3.7822365760803 3.6124668121338 3.4763805866241 3.3259236812592 3.1475903987885 2.9388267993927 2.7195410728455 2.5310571193695 2.4039964675903 2.3438866138458 2.3506715297699 2.4283895492554 2.577410697937 2.7727613449097 2.9785423278809 3.241574048996 3.5569818019867 3.8376035690308 4.0375595092773 4.2361254692078 4.4800992012024
-999 -999 -999 -999 -999 -999 -999 -999 -999 -999 -999 -999 -999 -999 -999 -999 -999 -999 -999 -999 -999 -999 -999 -999 -999 -999 -999 5.1354055404663 5.1922154426575 5.0960807800293 4.7859468460083 4.0737662315369 2.6416182518005 4.5453763008118 5.4664449691772 5.7497353553772 5.7788605690002 5.7177057266235 5.6004981994629 5.4080319404602 5.0960264205933 4.6579933166504 4.1844544410706 3.7365620136261 3.4122583866119 3.2223572731018 3.0800535678864 2.9310038089752 2.75861287117 2.5639445781708 2.3744556903839 2.2442126274109 2.1955165863037 2.2061438560486 2.2688155174255 2.3836152553558 2.5441510677338 2.7224152088165 2.8961634635925 3.1081268787384 3.3656282424927 3.6093196868896 3.7901012897491 3.9906525611877 4.2565550804138
-999 -999 -999 -999 -999 -999 -999 -999 -999 -999 -999 -999 -999 -999 -999 -999 -999 -999 -999 -999 -999 -999 -999 -999 -999 -999 4.6813149452209 4.9350738525391 4.8973832130432 4.5296745300293 3.7184903621674 2.7763381004333 1.5678179264069 4.0415525436401 5.2999134063721 5.6623349189758 5.6705799102783 5.5596880912781 5.3846168518066 5.1338171958923 4.7840132713318 4.365818977356 3.9331426620483 3.5288712978363 3.2045855522156 2.9696455001831 2.7830188274384 2.6077988147736 2.4299511909485 2.2522094249725 2.0994544029236 2.0142388343811 2.0086266994476 2.0583505630493 2.1470670700073 2.2680816650391 2.4103322029114 2.548837184906 2.6696696281433 2.8021373748779 2.9765982627869 3.1456279754639 3.3040351867676 3.5168352127075 3.8258633613586
-999 -999 -999 -999 -999 -999 -999 -999 -999 -999 -999 -999 -999 -999 -999 -999 -999 -999 -999 -999 -999 -999 -999 -999 -999 -999 4.0804619789124 4.2530446052551 3.9497773647308 3.3212523460388 1.027286529541 0.10567954182625 0.59693843126297 3.6356985569 5.1148686408997 5.5558428764343 5.5654125213623 5.4242167472839 5.2076730728149 4.9239048957825 4.5744218826294 4.1834363937378 3.783527135849 3.4049201011658 3.0727927684784 2.7953102588654 2.5587313175201 2.3475852012634 2.1578359603882 1.9954190254211 1.8770537376404 1.8248747587204 1.8418350219727 1.9091523885727 2.0054948329926 2.1205966472626 2.2472319602966 2.3619530200958 2.4467823505402 2.5097208023071 2.6052784919739 2.6768393516541 2.7754726409912 2.9866735935211 3.3458707332611
-999 -999 -999 -999 -999 -999 -999 -999 -999 -999 -999 -999 -999 -999 -999 -999 -999 -999 -999 -999 -999 -999 -999 -999 -999 -999 2.6278336048126 2.5924797058105 1.2710783481598 1.6845375299454 -0.3592172563076 -1.0242925882339 -0.22393356263638 2.8529798984528 4.6079301834106 5.2551503181458 5.3726105690002 5.2852258682251 5.0724682807922 4.7814660072327 4.4404296875 4.0715823173523 3.6946761608124 3.3254656791687 2.9791278839111 2.6638481616974 2.3812208175659 2.1319618225098 1.9241863489151 1.76879799366 1.6738791465759 1.6452174186707 1.678738117218 1.7583136558533 1.8595330715179 1.9716016054153 2.1018085479736 2.2239379882813 2.3251717090607 2.4090256690979 2.4535348415375 2.3871748447418 2.3982532024384 2.6088671684265 2.9782793521881
-999 -999 -999 -999 -999 -999 -999 -999 -999 -999 -999 -999 -999 -999 -999 -999 -999 -999 -999 -999 -999 -999 -999 -999 -999 -0.37472081184387 -0.26951280236244 -0.3053614795208 -0.51902067661285 -0.64793628454208 -1.1902370452881 -1.5024311542511 -1.0182282924652 0.58957648277283 3.4502053260803 4.3140320777893 4.8469777107239 5.0523710250854 4.9378533363342 4.6727728843689 4.3391342163086 3.9810771942139 3.6204836368561 3.2551321983337 2.8912913799286 2.5481967926025 2.2317249774933 1.9484803676605 1.7177486419678 1.5607026815414 1.4800578355789 1.4662684202194 1.5104850530624 1.6006231307983 1.71408867836 1.8410902023315 1.9892941713333 2.1296956539154 2.2604668140411 2.3755216598511 2.4266407489777 2.3280928134918 2.2900834083557 2.4583332538605 2.7881548404694
-999 -999 -999 -999 -999 -999 -999 -999 -999 -999 -999 -999 -999 -999 -999 -999 -999 -999 -999 -999 -999 -999 -999 -999 -999 -1.3584605455399 -1.4310274124146 -1.3557806015015 -1.1386504173279 -0.95256048440933 -1.327273607254 -1.6418250799179 -1.4970768690109 -0.55059033632278 1.7722208499908 1.621893286705 3.7840144634247 4.5613975524902 4.6933422088623 4.5205898284912 4.1721773147583 3.7843058109283 3.4422335624695 3.0795114040375 2.694846868515 2.3696658611298 2.0774004459381 1.7915267944336 1.5451463460922 1.3841532468796 1.3110873699188 1.3011459112167 1.345769405365 1.4431474208832 1.580819606781 1.7417722940445 1.8970729112625 2.0464901924133 2.1891644001007 2.3102657794952 2.3648452758789 2.3351082801819 2.3360233306885 2.4749526977539 2.7394361495972
-999 -999 -999 -999 -999 -999 -999 -999 -999 -999 -999 -999 -999 -999 -999 -999 -999 -999 -999 -999 -999 -999 -999 -999 -999 -999 -999 -1.5821893215179 -1.0564019680023 0.23384782671928 -1.1149985790253 -1.6399111747742 -1.7277457714081 -1.4268765449524 -0.84790772199631 -0.129035115242 2.2663357257843 3.4217581748962 4.133556842804 4.2012810707092 3.7141220569611 3.0998165607452 2.8560411930084 2.4900596141815 2.0067811012268 1.9096029996872 1.836057305336 1.6468172073364 1.4289736747742 1.272483587265 1.1969220638275 1.1776837110519 1.2094979286194 1.3064085245132 1.459570646286 1.6321837902069 1.7979545593262 1.9537357091904 2.1004374027252 2.2250001430511 2.3022880554199 2.3352925777435 2.3862535953522 2.5162174701691 2.7277135848999
-999 -999 -999 -999 -999 -999 -999 -999 -999 -999 -999 -999 -999 -999 -999 -999 -999 -999 -999 -999 -999 -999 -999 -999 -999 -999 -999 -999 -999 -999 -1.3035178184509 -1.6743685007095 -1.7662341594696 -1.779935002327 -1.5945926904678 -1.2179261445999 -0.39387801289558 0.88936841487885 3.3261122703552 3.6719274520874 2.7794711589813 1.0575890541077 1.524502158165 1.1151305437088 -0.080667458474636 0.9525294303894 1.3854582309723 1.4571303129196 1.3556838035583 1.2326911687851 1.15150141716 1.120392203331 1.1362233161926 1.2216938734055 1.3703768253326 1.5360805988312 1.7002404928207 1.8576600551605 2.0068855285645 2.1389248371124 2.2389328479767 2.3096139431 2.3896300792694 2.513219833374 2.6797931194305
-999 -999 -999 -999 -999 -999 -999 -999 -999 -999 -999 -999 -999 -999 -999 -999 -999 -999 -999 -999 -999 -999 -999 -999 -999 -999 -999 -999 -999 -999 -1.5857895612717 -1.7506895065308 -1.8378616571426 -1.6474289894104 -1.2233361005783 -1.0609766244888 -0.82385128736496 0.48442733287811 3.0406756401062 3.1924030780792 1.1525436639786 0.76281625032425 -0.84165835380554 -1.1547083854675 -0.97862434387207 -0.47266864776611 0.68857967853546 1.0915845632553 1.231275677681 1.2112398147583 1.1510316133499 1.1219698190689 1.1471811532974 1.2153496742249 1.3262465000153 1.4634778499603 1.6127067804337 1.764984369278 1.914158821106 2.0510923862457 2.1644358634949 2.2536902427673 2.3443920612335 2.4563744068146 2.5889451503754
-999 -999 -999 -999 -999 -999 -999 -999 -999 -999 -999 -999 -999 -999 -999 -999 -999 -999 -999 -999 -999 -999 -999 -999 -999 -999 -999 -999 -999 -1.8228406906128 -1.8335447311401 -1.9011762142181 -1.9131622314453 -1.4726856946945 0.1955703496933 0.3940289914608 -0.3443289399147 1.8996040821075 3.1769659519196 3.0439972877502 1.5365068912506 -0.89639735221863 -1.8498762845993 -1.5842303037643 0.16925503313541 0.38193386793137 -0.62313157320023 0.35661143064499 0.94563019275665 1.1606109142303 1.1595087051392 1.1368737220764 1.1673233509064 1.2199016809464 1.2955911159515 1.4023603200912 1.5336004495621 1.6786820888519 1.8259253501892 1.9623873233795 2.0785353183746 2.1757965087891 2.2679483890533 2.366916179657 2.4749858379364
-999 -999 -999 -999 -999 -999 -999 -999 -999 -999 -999 -999 -999 -999 -999 -999 -999 -999 -999 -999 -999 -999 -999 -999 -999 -999 -999 -2.353287935257 -2.2846500873566 -2.1861352920532 -2.1419825553894 -2.1685535907745 -2.1727094650269 -1.913865685463 -1.4213129281998 -1.163724064827 -0.67876029014587 1.5304285287857 2.5813326835632 2.6233751773834 0.42969885468483 -1.3150968551636 -2.0935792922974 -1.5418879985809 0.55406409502029 0.60731196403503 -1.1145650148392 -1.0170730352402 0.58683061599731 1.1099033355713 1.166331410408 1.1367603540421 1.1432420015335 1.1842865943909 1.2486149072647 1.3397402763367 1.4601981639862 1.6027009487152 1.7491526603699 1.8824378252029 1.9952006340027 2.0908207893372 2.1786775588989 2.2664723396301 2.3559234142303
-999 -999 -999 -999 -999 -999 -999 -999 -999 -999 -999 -999 -999 -999 -999 -999 -999 -999 -999 -999 -999 -999 -999 -999 -999 -999 -999 -999 -2.6532990932465 -2.6103420257568 -2.5657794475555 -2.5442798137665 -2.5272507667542 -2.4256227016449 -2.1985132694244 -1.8010765314102 -1.1375706195831 -0.4558681845665 0.45802721381187 2.2100043296814 1.5960878133774 -0.81923776865005 -1.9321805238724 -1.6662566661835 0.23053286969662 0.44041168689728 -1.1460926532745 -0.99165374040604 0.64095252752304 1.1609898805618 1.1884551048279 1.1225875616074 1.1005673408508 1.1301378011703 1.1922303438187 1.2798788547516 1.3976666927338 1.5444632768631 1.6918380260468 1.818979382515 1.9218589067459 2.0082085132599 2.0873074531555 2.1645781993866 2.2404899597168
-999 -999 -999 -999 -999 -999 -999 -999 -999 -999 -999 -999 -999 -999 -999 -999 -999 -999 -999 -999 -999 -999 -999 -999 -999 -999 -999 -999 -999 -3.0581548213959 -3.0441434383392 -2.989107131958 -2.8936531543732 -2.7627813816071 -2.5224206447601 -1.8773159980774 -0.19452084600925 -0.59464699029922 -0.093058697879314 1.78488945961 1.5582181215286 0.25274667143822 -1.7749639749527 -2.0419483184814 -1.3641064167023 -0.1190177500248 -0.79593658447266 0.37980937957764 1.084613442421 1.3163551092148 1.2398167848587 1.1154140233994 1.0663398504257 1.0864871740341 1.148037314415 1.2380601167679 1.3595581054688 1.5093961954117 1.6559457778931 1.7716952562332 1.8578046560287 1.9295161962509 1.9978997707367 2.0667326450348 2.1340596675873
-999 -999 -999 -999 -999 -999 -999 -999 -999 -999 -999 -999 -999 -999 -999 -999 -999 -999 -999 -999 -999 -999 -999 -999 -999 -999 -999 -999 -999 -999 -3.5204727649689 -3.4519605636597 -3.2797870635986 -3.0453627109528 -2.755334854126 -2.1536433696747 -1.066193819046 0.63934588432312 0.071366384625435 0.95459097623825 -0.46459624171257 -1.2965047359467 -1.9232138395309 -2.1069564819336 -1.8782116174698 -1.3202812671661 0.0025758689735085 0.71666049957275 1.3001953363419 1.4531011581421 1.3148906230927 1.1394673585892 1.0653885602951 1.0703002214432 1.1250827312469 1.2132135629654 1.3337470293045 1.481916308403 1.6275490522385 1.7277425527573 1.7947257757187 1.8521784543991 1.9124314785004 1.977952837944 2.0432789325714
-999 -999 -999 -999 -999 -999 -999 -999 -999 -999 -999 -999 -999 -999 -999 -999 -999 -999 -999 -999 -999 -999 -999 -999 -999 -999 -999 -999 -999 -999 -3.954909324646 -3.8838975429535 -3.6404039859772 -3.2977893352509 -2.9532177448273 -2.4464902877808 -1.4981528520584 0.43905079364777 0.55182349681854 -0.86523991823196 -1.5407108068466 -1.7003099918365 -1.4121273756027 -1.1771597862244 -1.0672575235367 -0.91569715738297 -0.58666902780533 -0.093862406909466 1.2507698535919 1.4792723655701 1.3636993169785 1.2028064727783 1.1010576486588 1.0791966915131 1.1150428056717 1.1879775524139 1.2944376468658 1.430405497551 1.5709688663483 1.6637021303177 1.722870349884 1.7743725776672 1.8335967063904 1.904531121254 1.9768387079239
