datos/01-EFM-Pronostico-de-Enero-2021-Lluvia/03_Marzo/GRDS/03_2021_Anom.grd
DSAA
390 228
-118.47924025641 -86.14575974359
14.037283991228 32.871016008772
-999 17.65128326416
[rows 58 to 86 of 228, columns 325 to 389 of 390]
-999 3.9562559127808 3.8986105918884 3.569002866745 2.8372786045074 1.6411085128784 0.86237198114395 0.0054352777078748 -1.0190109014511 -2.3335530757904 -2.2747311592102 -0.91729539632797 -0.31505608558655 -0.19929015636444 -0.17214703559875 -0.23607733845711 -0.51521456241608 -1.1305931806564 -1.387460231781 -2.0803122520447 -2.5418496131897 -2.7799506187439 -2.8349950313568 -2.8858635425568 -2.9084141254425 -2.9422204494476 -3.1348721981049 -3.6767036914825 -3.7014782428741 -3.4496047496796 -3.0625278949738 -2.58940076828 -2.0586848258972 -1.479632973671 -0.86013776063919 -0.21640278398991 0.44176575541496 1.0515152215958 1.4429988861084 1.6130591630936 1.6849716901779 1.7098977565765 1.696209192276 1.6529519557953 1.5711430311203 1.3909537792206 -999 -999 -999 -999 -999 -999 -999 -999 -999 -999 -999 -999 -999 -999 -999 -999 -999 -999 -999
-999 3.9211523532867 3.8143630027771 3.322986125946 2.0320892333984 1.1050378084183 0.24189278483391 -0.90722995996475 -2.6491894721985 -3.1812541484833 -2.8248999118805 -1.4192111492157 -0.73428791761398 -0.79713660478592 -0.53892683982849 -0.47658973932266 -0.67385715246201 -1.1916325092316 -1.2897889614105 -1.732568860054 -2.4535484313965 -2.7455971240997 -2.9098806381226 -3.014185667038 -3.0751032829285 -3.1341614723206 -3.331934928894 -3.8379592895508 -3.8110871315002 -3.5912313461304 -3.2419924736023 -2.7828526496887 -2.2533547878265 -1.6800884008408 -1.0758868455887 -0.45800405740738 0.12623900175095 0.60226082801819 0.93199783563614 1.1998794078827 1.4659897089005 1.6375473737717 1.705064535141 1.7014919519424 1.6218032836914 1.3901827335358 -999 -999 -999 -999 -999 -999 -999 -999 -999 -999 -999 -999 -999 -999 -999 -999 -999 -999 -999
-999 -999 -999 -999 1.6339027881622 0.82945543527603 -0.10203231871128 -1.9984740018845 -2.9097902774811 -3.2992448806763 -3.3154356479645 -2.6701402664185 -1.3825113773346 -1.3667101860046 -1.2126977443695 -0.79331076145172 -0.79707109928131 -1.0262769460678 -1.3013820648193 -1.7533382177353 -2.496559381485 -2.8668527603149 -3.1031069755554 -3.2623815536499 -3.358469247818 -3.423547744751 -3.5597259998322 -3.910108089447 -3.6234076023102 -3.6792752742767 -3.4645068645477 -3.0552988052368 -2.537849187851 -1.978591799736 -1.3988529443741 -0.82195043563843 -0.29690629243851 0.11187941581011 0.3886236846447 0.66335391998291 1.0395542383194 1.2905107736588 1.4268728494644 1.4661573171616 1.3784348964691 1.0466542243958 0.4132978618145 -999 -999 -999 -999 -999 -999 -999 -999 -999 -999 -999 -999 -999 -999 -999 -999 -999 -999
-999 -999 -999 -999 -999 0.65155190229416 -0.079690799117088 -0.91306412220001 -1.5946338176727 -2.3158478736877 -3.6252944469452 -3.4545822143555 -2.1630840301514 -1.9878013134003 -1.7298868894577 -1.179216504097 -1.0136824846268 -1.1602749824524 -1.5116937160492 -1.9879559278488 -2.6536276340485 -3.0835733413696 -3.3788347244263 -3.5872006416321 -3.7135646343231 -3.7719528675079 -3.8020083904266 -3.7977361679077 -3.7040824890137 -3.6891255378723 -3.7432789802551 -3.3964202404022 -2.8907396793365 -2.3367321491241 -1.7656269073486 -1.2008547782898 -0.68693441152573 -0.30936789512634 -0.18691939115524 -0.25302937626839 -0.1093612536788 0.15003959834576 0.38063463568687 0.49900734424591 0.40882909297943 -0.033822365105152 -1.3041939735413 -999 -999 -999 -999 -999 -999 -999 -999 -999 -999 -999 -999 -999 -999 -999 -999 -999 -999
-999 -999 -999 -999 -999 -999 -999 -1.062970995903 -1.909294128418 -2.8046319484711 -4.2797212600708 -4.2232551574707 -3.4832062721252 -2.5675132274628 -2.1910037994385 -1.8315098285675 -1.338322520256 -1.4387418031693 -1.9916000366211 -2.4718687534332 -2.9387230873108 -3.3566179275513 -3.7038614749908 -3.9633405208588 -4.121337890625 -4.1846084594727 -4.1701288223267 -4.0992546081543 -4.0426955223083 -4.2214059829712 -4.1363949775696 -3.7936971187592 -3.290075302124 -2.7291033267975 -2.1472256183624 -1.5654369592667 -1.0279219150543 -0.67589294910431 -0.87511700391769 -2.2530982494354 -2.5951266288757 -2.3224856853485 -1.8957760334015 -1.5648965835571 -1.7087675333023 -2.049277305603 -2.3938117027283 -999 -999 -999 -999 -999 -999 -999 -999 -999 -999 -999 -999 -999 -999 -999 -999 -999 -999
-999 -999 -999 -999 -999 -999 -999 -999 -4.0134506225586 -4.9286184310913 -5.1949806213379 -4.7148675918579 -3.4174571037292 -2.7575948238373 -2.465708732605 -2.2018611431122 -1.7051200866699 -1.7795870304108 -2.3436052799225 -2.773717880249 -3.1786184310913 -3.6130874156952 -4.0375800132751 -4.3662915229797 -4.5681495666504 -4.6638965606689 -4.6725153923035 -4.6069836616516 -4.5033164024353 -4.4541516304016 -4.5255546569824 -4.2119870185852 -3.7116930484772 -3.138888835907 -2.535825252533 -1.9214671850204 -1.3417110443115 -0.96294945478439 -1.2529612779617 -2.8713474273682 -3.306978225708 -3.110456943512 -2.6059324741364 -1.6077049970627 -2.4759728908539 -999 -999 -2.9110949039459 -999 -999 -999 -999 -999 -999 -999 -999 -999 -999 -999 -999 -999 -999 -999 -999 -999
-999 -999 -999 -999 -999 -999 -999 -999 -999 -5.3890199661255 -5.4191007614136 -4.6328015327454 -3.1981801986694 -2.7499213218689 -2.6167938709259 -2.5630486011505 -2.3271570205688 -2.3265163898468 -2.6469886302948 -2.9250724315643 -3.2732615470886 -3.7536861896515 -4.323136806488 -4.7646613121033 -5.0451955795288 -5.2259006500244 -5.342839717865 -5.3700585365295 -5.2018222808838 -4.958423614502 -4.9275989532471 -4.6195878982544 -4.1256551742554 -3.5415031909943 -2.9187891483307 -2.2760269641876 -1.6454210281372 -1.1617990732193 -1.2111232280731 -2.4160659313202 -2.6391987800598 -2.4635090827942 -2.2813646793365 -2.3341469764709 -2.6842501163483 -2.9707345962524 -999 -999 -999 -999 -999 -999 -999 -999 -999 -999 -999 -999 -999 -999 -999 -999 -999 -999 -999
-999 -999 -999 -999 -999 -999 -999 -999 -999 -3.86980676651 -4.5164999961853 -3.3090806007385 -2.7433302402496 -2.7677636146545 -3.0539212226868 -3.2043514251709 -3.0708327293396 -2.9385213851929 -2.8968651294708 -2.9018504619598 -3.2028534412384 -3.6823537349701 -4.5393824577332 -5.1487917900085 -5.5804557800293 -5.9399566650391 -6.2798690795898 -6.6359858512878 -6.3553342819214 -5.6629776954651 -5.2499513626099 -4.9887409210205 -4.4728322029114 -3.8701541423798 -3.2531974315643 -2.6113798618317 -1.946328997612 -1.3339146375656 -0.9484828710556 -0.82834190130234 -0.62543833255768 -0.41419720649719 -0.5384196639061 -1.6329694986343 -2.1791307926178 -2.6659164428711 -2.9512548446655 -3.0509123802185 -999 -999 -999 -999 -999 -999 -999 -999 -999 -999 -999 -999 -999 -999 -999 -999 -999
-999 -999 -999 -999 -999 -999 -999 -999 -999 -2.685131072998 -2.7604732513428 -2.5614728927612 -2.5770299434662 -3.0191833972931 -3.6253287792206 -3.9601635932922 -3.7394659519196 -3.3952412605286 -3.0758249759674 -2.842390537262 -3.2716445922852 -4.0102105140686 -4.8762211799622 -5.6564784049988 -6.3110451698303 -6.9391403198242 -7.6564164161682 -7.7019662857056 -7.2828621864319 -6.5819048881531 -5.8652005195618 -5.2566032409668 -4.6200695037842 -3.9554913043976 -3.4441978931427 -2.8916189670563 -2.239734172821 -1.5611540079117 -0.94339632987976 -0.41342109441757 0.057548079639673 0.38028931617737 0.38801020383835 0.064397536218166 -0.4646857380867 -1.7432479858398 -2.3065502643585 -2.626106262207 -2.7729539871216 -999 -999 -999 -999 -999 -999 -999 -999 -999 -999 -999 -999 -999 -999 -999 -999
-999 -999 -999 -999 -999 -999 -999 -999 -999 -1.9555522203445 -2.1012034416199 -2.2874448299408 -2.6707057952881 -3.3193833827972 -4.0495266914368 -4.4286103248596 -4.2156181335449 -3.7537636756897 -3.2673637866974 -2.874285697937 -3.3482303619385 -4.465681552887 -5.5332918167114 -6.6126937866211 -7.4643259048462 -8.4559440612793 -8.7898035049438 -8.6070671081543 -8.0178375244141 -7.1292843818665 -5.9834113121033 -5.1903185844421 -4.4825477600098 -3.4673838615417 -3.4653124809265 -3.1108341217041 -2.5097367763519 -1.8558990955353 -1.2278145551682 -0.62070906162262 -0.026504330337048 0.47190764546394 0.73906677961349 0.85695099830627 0.74972027540207 -999 -999 -999 -2.0715703964233 -999 -999 -999 -999 -999 -999 -999 -999 -999 -999 -999 -999 -999 -999 -999 -999
-999 -999 -999 -999 -999 -999 -999 -999 -999 -1.5151859521866 -1.7954605817795 -2.19846367836 -2.7792181968689 -3.4965727329254 -4.2202806472778 -4.5612721443176 -4.446192741394 -4.1327800750732 -3.7942178249359 -3.5742995738983 -4.4364066123962 -5.6826682090759 -6.721508026123 -8.5545721054077 -9.1722841262817 -9.6484060287476 -9.7634172439575 -9.4087619781494 -8.6407537460327 -7.5512266159058 -6.1711430549622 -5.1929702758789 -4.5179314613342 -4.0133519172668 -3.6469807624817 -3.2833111286163 -2.7352900505066 -2.1806950569153 -1.6482681035995 -1.0555955171585 -0.3514815568924 0.4907942712307 1.1538287401199 1.67509329319 2.3541874885559 -999 -999 -999 -999 -999 -999 -999 -999 -999 -999 -999 -999 -999 -999 -999 -999 -999 -999 -999 -999
-999 -999 -999 -999 -999 -999 -999 -999 -999 -999 -1.5252075195313 -2.0394546985626 -2.7830820083618 -3.5819323062897 -4.2756094932556 -4.4909839630127 -4.5726099014282 -4.8704438209534 -5.1608743667603 -5.8165097236633 -7.6414842605591 -8.460823059082 -8.271390914917 -9.6463174819946 -10.087909698486 -10.485280990601 -10.55188369751 -10.11102104187 -9.1682786941528 -7.8944306373596 -6.466676235199 -5.0843133926392 -4.3685464859009 -4.0302271842957 -3.6975796222687 -3.258754491806 -2.7733895778656 -2.4461209774017 -2.0289053916931 -1.441854596138 -0.48239374160767 0.58644562959671 1.9436202049255 2.6374161243439 3.0620679855347 3.0999245643616 2.7363846302032 -999 -999 -999 -999 -999 -999 -999 -999 -999 -999 -999 -999 -999 -999 -999 -999 -999 -999
-999 -999 -999 -999 -999 -999 -999 -999 -999 -999 -999 -1.8360459804535 -2.7388715744019 -3.6240866184235 -4.1841521263123 -3.9801225662231 -4.2861595153809 -6.2877898216248 -7.5143475532532 -8.6322031021118 -9.7303018569946 -10.386547088623 -10.483003616333 -9.8651895523071 -10.494291305542 -10.875936508179 -10.985511779785 -10.541874885559 -9.4481544494629 -7.9696292877197 -6.2721724510193 -4.5615205764771 -3.8213679790497 -3.7188646793365 -3.531683921814 -3.0737891197205 -2.6256763935089 -2.3205571174622 -2.0565025806427 -1.4886776208878 -0.46495425701141 1.0811227560043 2.0501534938812 2.6701421737671 3.0832500457764 3.2995119094849 3.1507396697998 2.4435324668884 -999 -999 -999 -999 -999 -999 -999 -999 -999 -999 -999 -999 -999 -999 -999 -999 -999
-999 -999 -999 -999 -999 -999 -999 -999 -999 -999 -999 -999 -2.5385596752167 -3.2443370819092 -3.4614145755768 -3.4607861042023 -3.695262670517 -4.8161859512329 -7.6257200241089 -9.5643463134766 -10.868370056152 -11.6028881073 -11.810792922974 -11.487654685974 -10.787996292114 -10.759941101074 -10.74826335907 -10.271244049072 -9.2205390930176 -7.6154918670654 -5.5771036148071 -3.3470098972321 -2.69096159935 -3.1741495132446 -3.1217792034149 -2.3158195018768 -1.9007966518402 -1.7121065855026 -1.9433643817902 -1.3969134092331 -0.014260684140027 1.004655957222 1.739897608757 2.2850403785706 2.7235953807831 3.0244045257568 2.940803527832 1.8467268943787 -999 -999 -999 -999 -999 -999 -999 -999 -999 -999 -999 -999 -999 -999 -999 -999 -999
-999 -999 -999 -999 -999 -999 -999 -999 -999 -999 -999 -999 -2.1370229721069 -2.5588486194611 -2.9338045120239 -3.1459486484528 -3.4124667644501 -4.195903301239 -6.1322574615479 -9.7666263580322 -11.595989227295 -12.480644226074 -12.644391059875 -12.002002716064 -10.679818153381 -10.219657897949 -9.8466424942017 -9.0136337280273 -8.4219665527344 -6.846914768219 -4.2016401290894 -2.7243714332581 -2.2627453804016 -2.3720395565033 -2.4163908958435 -2.2185409069061 -2.0010619163513 -1.8053065538406 -1.5235569477081 -0.95687180757523 -0.16045014560223 0.5785658955574 1.1903501749039 1.7216491699219 2.192312002182 2.5402209758759 2.5918478965759 2.1126835346222 -999 -999 -999 -999 -999 -999 -999 -999 -999 -999 -999 -999 -999 -999 -999 -999 -999
-999 -999 -999 -999 -999 -999 -999 -999 -999 -999 -999 -999 -1.7202616930008 -2.1849348545074 -2.7989015579224 -3.5677495002747 -4.2576656341553 -5.1126728057861 -6.8500871658325 -10.497486114502 -12.443050384521 -13.381788253784 -13.359179496765 -11.676704406738 -10.410440444946 -9.6685047149658 -8.7055358886719 -8.0463562011719 -7.222535610199 -5.7225074768066 -3.6178698539734 -2.6374442577362 -2.3912951946259 -2.4671542644501 -2.5779070854187 -2.6261057853699 -2.6699063777924 -2.6047451496124 -2.0814843177795 -1.4592852592468 -0.84390223026276 -0.23202213644981 0.3518011868 0.90802001953125 1.3967257738113 1.6680546998978 1.5931482315063 1.1871795654297 -999 -999 -999 -999 -999 -999 -999 -999 -999 -999 -999 -999 -999 -999 -999 -999 -999
-999 -999 -999 -999 -999 -999 -999 -999 -999 -999 -999 -999 -1.5834580659866 -2.248824596405 -3.0286936759949 -5.3852100372314 -6.9045777320862 -8.2163705825806 -9.8081722259521 -11.795095443726 -13.448253631592 -14.448538780212 -14.532113075256 -13.425698280334 -11.093950271606 -9.8215866088867 -8.5594024658203 -7.7616114616394 -6.744909286499 -4.8500366210938 -3.5109822750092 -2.9376394748688 -2.8459208011627 -2.9426505565643 -3.0732140541077 -3.2047801017761 -3.4609699249268 -4.2159914970398 -3.119779586792 -2.73557472229 -2.3408324718475 -1.7964811325073 -1.1979011297226 -0.57845294475555 -0.035242840647697 0.071723103523254 -0.84550285339355 -1.3085294961929 -999 -999 -999 -999 -999 -999 -999 -999 -999 -999 -999 -999 -999 -999 -999 -999 -999
-999 -999 -999 -999 -999 -999 -999 -999 -999 -999 -999 -999 -0.95967644453049 -2.0277321338654 -3.4551270008087 -6.1684627532959 -8.0713930130005 -9.5559015274048 -11.036233901978 -12.699371337891 -14.332914352417 -15.552701950073 -15.870046615601 -14.965535163879 -13.06538772583 -10.800780296326 -9.5661525726318 -8.4011573791504 -7.1788778305054 -5.1188044548035 -3.9338219165802 -3.4812068939209 -3.4203109741211 -3.4955189228058 -3.5896692276001 -3.6765756607056 -3.7948801517487 -3.8922021389008 -3.9630601406097 -5.0680108070374 -5.0858955383301 -4.6101584434509 -3.9877283573151 -3.2951436042786 -2.4638352394104 -2.4273564815521 -2.7246668338776 -3.5869376659393 -3.6787168979645 -999 -999 -999 -999 -999 -999 -999 -999 -999 -999 -999 -999 -999 -999 -999 -999
-999 -999 -999 -999 -999 -999 -999 -999 -999 -999 -999 -999 -0.35254544019699 -1.4901311397552 -3.1386604309082 -6.048376083374 -8.0502691268921 -9.5554313659668 -11.105821609497 -12.910109519958 -14.795928955078 -16.352087020874 -16.946620941162 -16.175983428955 -14.273823738098 -12.015224456787 -10.822784423828 -9.9018802642822 -8.6060619354248 -6.1079545021057 -4.6896119117737 -4.1293244361877 -4.0106987953186 -4.0217299461365 -4.0492625236511 -4.063756942749 -4.0667772293091 -4.115608215332 -4.5885004997253 -6.2260098457336 -6.4954390525818 -6.1034340858459 -5.5271949768066 -4.9196000099182 -4.3767023086548 -3.9148471355438 -3.9439723491669 -4.6908512115479 -4.4963755607605 -999 -999 -999 -999 -999 -3.9851531982422 -999 -999 -999 -999 -999 -999 -999 -999 -999 -999
-999 -999 -999 -999 -999 -999 -999 -999 -999 -999 -999 -999 0.30822023749352 -0.50843036174774 -2.2213323116302 -4.9925532341003 -7.0221753120422 -8.6519746780396 -10.46694278717 -12.506725311279 -14.637493133545 -16.396476745605 -17.14949798584 -16.400114059448 -14.294409751892 -12.681446075439 -11.717436790466 -10.855532646179 -9.6398067474365 -7.8333106040955 -5.5946297645569 -4.8947372436523 -4.677891254425 -4.6006422042847 -4.585090637207 -4.6152648925781 -4.7545075416565 -5.0750823020935 -5.5592212677002 -6.9804177284241 -7.1594390869141 -6.8081512451172 -6.3135032653809 -5.8321633338928 -5.5452575683594 -5.8979325294495 -5.7763638496399 -4.7614240646362 -4.0269341468811 -3.6584205627441 -999 -999 -999 -999 -3.3780348300934 -2.7786779403687 -999 -999 -999 -999 -999 -999 -999 -999 -999
-999 -999 -999 -999 -999 -999 -999 -999 -999 -999 -999 -999 0.92825829982758 0.34099042415619 -0.92081928253174 -2.6355419158936 -5.2862029075623 -7.3932375907898 -9.470627784729 -11.640742301941 -13.849848747253 -15.607239723206 -16.313585281372 -15.47703742981 -13.870856285095 -12.415579795837 -11.688239097595 -11.031002998352 -9.9409875869751 -7.7581968307495 -6.7069134712219 -6.218282699585 -5.7696251869202 -5.5986423492432 -5.6515531539917 -5.8907380104065 -6.3015117645264 -7.7073879241943 -7.7584719657898 -7.7779507637024 -7.6183533668518 -7.2833619117737 -6.8505325317383 -6.3996238708496 -6.0947113037109 -6.0663776397705 -6.3396816253662 -5.023362159729 -4.3715705871582 -4.1063652038574 -4.138418674469 -999 -999 -999 -4.6921625137329 -3.3294956684113 -999 -999 -999 -999 -999 -999 -999 -999 -999
-999 -999 -999 -999 -999 -999 -999 -999 -999 -999 -999 -999 1.4685621261597 1.0887587070465 0.38968476653099 -0.95317822694778 -2.749144077301 -5.6837029457092 -8.1786613464355 -10.484045982361 -12.591333389282 -14.047785758972 -14.317708969116 -13.353254318237 -12.003344535828 -11.202806472778 -10.942555427551 -10.636552810669 -10.06077003479 -9.3613815307617 -9.2092485427856 -9.0671873092651 -7.6696462631226 -7.6912641525269 -7.8342785835266 -8.7691211700439 -9.0483055114746 -9.201452255249 -8.9828758239746 -8.4480581283569 -8.1810836791992 -7.9357104301453 -7.4863243103027 -6.8195004463196 -6.3467926979065 -5.9888601303101 -5.8804693222046 -5.4996557235718 -5.141854763031 -4.9367990493774 -4.9103951454163 -5.1912693977356 -999 -999 -999 -999 -999 -999 -999 -999 -999 -999 -999 -999 -999
-999 -999 -999 -999 -999 -999 -999 -999 -999 -999 -999 -999 1.9016585350037 1.6053104400635 1.0890641212463 0.041625812649727 -1.2774597406387 -3.259083032608 -6.487539768219 -9.0323925018311 -10.935737609863 -11.921999931335 -11.714973449707 -10.559611320496 -9.0511159896851 -9.4657592773438 -9.8750638961792 -10.033785820007 -10.019030570984 -10.094916343689 -10.465177536011 -10.688411712646 -10.451570510864 -10.211077690125 -10.064885139465 -10.078080177307 -9.9910802841187 -9.7694625854492 -9.4355249404907 -9.14879322052 -9.1110363006592 -9.0738725662231 -8.5888614654541 -6.9844641685486 -6.4805994033813 -6.389497756958 -6.3728556632996 -6.2614831924438 -6.0738649368286 -5.8862962722778 -5.7935271263123 -6.0373620986938 -7.114800453186 -999 -999 -999 -999 -999 -999 -999 -999 -999 -999 -999 -999
-999 -999 -999 -999 -999 -999 -999 -999 -999 -999 -999 -999 -999 1.8830660581589 1.3927989006042 0.48222663998604 -0.51371562480927 -1.9142488241196 -4.0213708877563 -7.0933651924133 -8.8436374664307 -9.0504655838013 -8.7442836761475 -7.6406383514404 -7.2272744178772 -7.6450352668762 -8.7909841537476 -9.3700046539307 -9.7687654495239 -10.238489151001 -10.854378700256 -11.184804916382 -11.200898170471 -10.946591377258 -10.479022026062 -10.209018707275 -10.034019470215 -9.832088470459 -9.5998487472534 -9.4501314163208 -9.4150791168213 -9.2763423919678 -8.8001012802124 -7.3501358032227 -7.0351214408875 -7.1122531890869 -7.2001156806946 -7.1621913909912 -6.9923949241638 -6.7616934776306 -6.5501184463501 -6.4537606239319 -6.3810634613037 -5.902711391449 -999 -999 -999 -999 -999 -999 -999 -999 -999 -999 -999
-999 -999 -999 -999 -999 -999 -999 -999 -999 -999 -999 -999 -999 1.9996523857117 1.4992710351944 0.69039291143417 -0.12405376136303 -1.1765034198761 -2.6603062152863 -4.5866355895996 -6.7128467559814 -6.5941972732544 -6.4965620040894 -6.3018202781677 -6.5643682479858 -6.7352833747864 -7.8248281478882 -8.6432476043701 -9.2998323440552 -9.8957529067993 -10.375129699707 -10.585047721863 -10.550834655762 -10.513168334961 -9.4942035675049 -9.5237512588501 -9.535945892334 -9.6020002365112 -9.5505838394165 -9.3968944549561 -9.0484523773193 -8.1535711288452 -7.6014842987061 -7.4930567741394 -7.6314458847046 -7.8531317710876 -7.9952921867371 -7.9638290405273 -7.7438063621521 -7.439802646637 -7.1124696731567 -6.7753143310547 -6.4138979911804 -5.988007068634 -5.5721416473389 -999 -999 -999 -999 -999 -999 -999 -999 -999 -999
-999 -999 -999 -999 -999 -999 -999 -999 -999 -999 -999 -999 -999 2.0478184223175 1.4416074752808 0.8604770898819 0.15254482626915 -0.79613548517227 -1.9912312030792 -3.5015835762024 -4.8976202011108 -5.5477614402771 -5.7713460922241 -5.8171639442444 -5.8990378379822 -6.1202802658081 -6.6927652359009 -7.743438243866 -8.5764465332031 -9.2314167022705 -9.6371097564697 -9.8229904174805 -9.7727022171021 -9.3486089706421 -8.6445226669312 -8.203667640686 -8.2276306152344 -8.9448556900024 -9.0566511154175 -8.8639974594116 -7.9582977294922 -7.1545209884644 -7.1518144607544 -7.56955909729 -8.0350503921509 -8.3449335098267 -8.4979953765869 -8.458423614502 -8.2061452865601 -7.8579111099243 -7.4775152206421 -7.0827860832214 -6.6773166656494 -6.2621965408325 -5.8494358062744 -5.4696893692017 -999 -999 -999 -999 -999 -999 -999 -999 -999
-999 -999 -999 -999 -999 -999 -999 -999 -999 -999 -999 -999 -999 -999 1.58103120327 1.1176220178604 0.47534251213074 -0.68575590848923 -1.6432064771652 -3.4414818286896 -4.7245182991028 -5.3013548851013 -5.6915245056152 -5.798620223999 -5.7741136550903 -5.7764964103699 -6.0139355659485 -6.6081624031067 -7.6478624343872 -8.3192710876465 -8.7331371307373 -8.9772624969482 -9.0005922317505 -8.7048978805542 -8.1654233932495 -7.6654281616211 -7.4920959472656 -7.6628475189209 -7.8415670394897 -7.8254427909851 -7.3985285758972 -6.7716708183289 -6.8814635276794 -7.4477787017822 -8.0660572052002 -8.411732673645 -8.5771083831787 -8.5574131011963 -8.3473949432373 -8.021222114563 -7.6573438644409 -7.289466381073 -6.9206166267395 -6.5394597053528 -6.1220970153809 -5.6535716056824 -999 -999 -999 -999 -999 -999 -999 -999 -999
-999 -999 -999 -999 -999 -999 -999 -999 -999 -999 -999 -999 -999 -999 -999 1.3925428390503 0.90136033296585 0.096237048506737 -1.2036049365997 -3.1393339633942 -4.2316951751709 -5.0746059417725 -5.6069383621216 -6.0002636909485 -5.909839630127 -5.5381898880005 -5.5435762405396 -5.8767871856689 -6.7212972640991 -7.308144569397 -7.7311544418335 -8.0868196487427 -8.2875289916992 -8.2217750549316 -7.8630037307739 -7.3794684410095 -7.0866842269897 -7.1054720878601 -7.3328151702881 -7.4839015007019 -7.1588006019592 -6.5018639564514 -6.412606716156 -6.9088268280029 -7.5266666412354 -8.0270748138428 -8.3003530502319 -8.3608989715576 -8.2239818572998 -7.9630756378174 -7.6669225692749 -7.3713102340698 -7.0749526023865 -6.7472634315491 -6.3266406059265 -5.8895945549011 -999 -999 -999 -999 -999 -999 -999 -999 -999
-999 -999 -999 -999 -999 -999 -999 -999 -999 -999 -999 -999 -999 -999 -999 -999 -999 0.42995521426201 -0.90507650375366 -2.8372459411621 -4.149350643158 -4.7483868598938 -5.2162561416626 -5.6310024261475 -5.5272092819214 -5.0853533744812 -4.9773163795471 -5.2028093338013 -5.858603477478 -6.3404455184937 -6.7513880729675 -7.2138576507568 -7.559431552887 -7.6544141769409 -7.4480686187744 -7.0445756912231 -6.7312912940979 -6.6805467605591 -6.9019193649292 -7.1654853820801 -6.8343276977539 -6.2154355049133 -5.8833193778992 -6.0991215705872 -6.6651339530945 -7.4403448104858 -7.8236293792725 -7.9676098823547 -7.9175281524658 -7.7490072250366 -7.5523843765259 -7.3615040779114 -7.159348487854 -6.8984899520874 -6.5276184082031 -6.1249270439148 -999 -999 -999 -999 -999 -999 -999 -999 -999
