datos/01-EFM-Pronostico-de-Enero-2021-Lluvia/03_Marzo/GRDS/03_2021_Anom.grd
DSAA
390 228
-118.47924025641 -86.14575974359
14.037283991228 32.871016008772
-999 17.65128326416
[rows 145 to 173 of 228, columns 195 to 259 of 390]
3.2752647399902 3.309287071228 3.3321306705475 3.3435719013214 3.343462228775 3.3328523635864 3.3165881633759 3.301406621933 3.2967963218689 3.3160347938538 3.3736970424652 3.4761772155762 3.608330488205 3.7370760440826 3.8534228801727 3.9651606082916 4.0665416717529 4.1280012130737 4.0951828956604 3.9427373409271 3.6689555644989 3.3011772632599 2.8863742351532 2.2329156398773 1.2453434467316 -0.066029772162437 -1.5054329633713 -3.4902038574219 -4.548168182373 -5.206723690033 -5.7693376541138 -6.2909564971924 -6.6602139472961 -6.6717081069946 -6.2485675811768 -4.7278943061829 -1.173011302948 0.03953754901886 -0.20044793188572 -0.2711897790432 0.11315034329891 0.30684819817543 0.36527708172798 0.4881443977356 0.63896191120148 0.78868275880814 1.0135297775269 1.3184504508972 1.5481154918671 -999 -999 -999 -999 -999 -999 -999 -999 -999 -999 -999 -999 -999 -999 -999 -999
3.2713792324066 3.3055865764618 3.3287856578827 3.3389520645142 3.3353445529938 3.3183979988098 3.2914917469025 3.260381937027 3.2338473796844 3.2261607646942 3.2575058937073 3.3440918922424 3.4812080860138 3.6357686519623 3.7757050991058 3.8886499404907 3.9674196243286 3.9892575740814 3.8891181945801 3.6625685691833 3.3083283901215 2.8578548431396 2.4848456382751 2.1324813365936 1.2003138065338 -0.10269482433796 -1.5807734727859 -3.6311342716217 -4.7290058135986 -5.395037651062 -5.9184265136719 -6.3602967262268 -6.6351022720337 -6.6285104751587 -6.2172212600708 -4.7868146896362 -1.2058148384094 0.53616380691528 0.84070837497711 1.0661169290543 1.1433612108231 1.0295087099075 0.85889440774918 0.76171070337296 0.79461264610291 0.89683359861374 1.1007418632507 -999 -999 -999 -999 -999 -999 -999 -999 -999 -999 -999 -999 -999 -999 -999 -999 -999 -999
3.2789373397827 3.3152253627777 3.339625120163 3.3493974208832 3.3430740833282 3.3204705715179 3.2833259105682 3.2357954978943 3.1844954490662 3.1424586772919 3.1363821029663 3.20445561409 3.3583714962006 3.5433282852173 3.6954355239868 3.7880117893219 3.8131084442139 3.7561831474304 3.5914082527161 3.3289337158203 2.9794282913208 2.5482974052429 2.2405915260315 1.903987288475 0.91186201572418 -1.3778511285782 -2.9055545330048 -4.0934433937073 -4.9154510498047 -5.4689807891846 -5.8804712295532 -6.1807475090027 -6.3314709663391 -6.3162846565247 -6.0708246231079 -5.1570901870728 -3.0508341789246 0.20945489406586 -0.098945513367653 1.5718839168549 1.7453759908676 1.5192757844925 1.2575839757919 1.0836796760559 1.0978862047195 -999 -999 -999 -999 -999 -999 -999 -999 -999 -999 -999 -999 -999 -999 -999 -999 -999 -999 -999 -999
3.297358751297 3.3383619785309 3.36589884758 3.3769302368164 3.3697528839111 3.3441104888916 3.3005607128143 3.2427480220795 3.1752467155457 3.1081967353821 3.0696194171906 3.1219465732574 3.3108789920807 3.5241842269897 3.6667106151581 3.7123515605927 3.6571443080902 3.4959576129913 3.2303879261017 2.8887393474579 2.5201771259308 2.2087144851685 2.0390291213989 1.7334834337234 0.61082279682159 -2.0151033401489 -3.5294146537781 -4.4158606529236 -5.0140924453735 -5.4386105537415 -5.7163600921631 -5.8663058280945 -5.8224377632141 -5.6640462875366 -5.6508965492249 -5.0895776748657 -3.1757583618164 0.7382789850235 2.0990526676178 2.5711283683777 2.4913635253906 2.1713199615479 -999 -999 -999 -999 -999 -999 -999 -999 -999 -999 -999 -999 -999 -999 -999 -999 -999 -999 -999 -999 -999 -999 -999
3.3256411552429 3.3747887611389 3.4082412719727 3.422402381897 3.4163475036621 3.3907198905945 3.3473353385925 3.2906532287598 3.2272222042084 3.1688945293427 3.1428031921387 3.2062706947327 3.4325523376465 3.6378409862518 3.7341299057007 3.7099494934082 3.5636355876923 3.2893543243408 2.8904259204865 2.4065072536469 1.9531257152557 1.7415496110916 1.8072121143341 1.6521905660629 0.5599290728569 -2.1541767120361 -3.6233656406403 -4.3977432250977 -4.9179453849792 -5.269464969635 -5.4499044418335 -5.5161504745483 -5.2985558509827 -4.3442025184631 -5.0477967262268 -4.4709663391113 -2.3613533973694 1.6900149583817 3.2406084537506 -999 -999 -999 -999 -999 -999 -999 -999 -999 -999 -999 -999 -999 -999 -999 -999 -999 -999 -999 -999 -999 -999 -999 -999 -999 -999
3.3641664981842 3.4242780208588 3.4664587974548 3.4864649772644 3.4833719730377 3.4603652954102 3.4221475124359 3.3762791156769 3.3354995250702 3.3213188648224 3.3685534000397 3.5147216320038 3.73273396492 3.8750264644623 3.8976621627808 3.8011355400085 3.5788013935089 3.2142333984375 2.696099281311 2.0607035160065 1.455682516098 1.2173436880112 1.562690615654 1.631018280983 0.81913059949875 -1.6638517379761 -3.1871302127838 -4.0416984558105 -4.570095539093 -4.9065852165222 -5.10826587677 -5.2311553955078 -5.1819558143616 -4.9705362319946 -4.67657995224 -3.4352242946625 -0.38201466202736 2.5884003639221 3.8179013729095 -999 -999 -999 -999 -999 -999 -999 -999 -999 -999 -999 -999 -999 -999 -999 -999 -999 -999 -999 -999 -999 -999 -999 -999 -999 -999
3.4140338897705 3.4881253242493 3.5417156219482 3.5691058635712 3.5697548389435 3.5493664741516 3.5172665119171 3.4844982624054 3.4689404964447 3.4994649887085 3.613742351532 3.8205296993256 4.032799243927 4.132091999054 4.1108045578003 3.9764935970306 3.7205677032471 3.3212289810181 2.7569100856781 2.0516021251678 1.353741645813 1.004894733429 1.3312755823135 1.6173555850983 1.3514771461487 0.24558140337467 -2.0900745391846 -3.3949863910675 -4.1320381164551 -4.5522379875183 -4.8325414657593 -5.0634503364563 -5.1839900016785 -5.0995826721191 -4.4252710342407 -2.0084004402161 0.43521240353584 2.9711787700653 -999 -999 -999 -999 -999 -999 -999 -999 -999 -999 -999 -999 -999 -999 -999 -999 -999 -999 -999 -999 -999 -999 -999 -999 -999 -999 -999
3.4764339923859 3.5673382282257 3.6350591182709 3.6694300174713 3.6709079742432 3.650016784668 3.6215651035309 3.5987665653229 3.5983221530914 3.6463527679443 3.7805483341217 4.0084047317505 4.2269988059998 4.3403968811035 4.3325433731079 4.2081928253174 3.9696378707886 3.6032252311707 3.083575963974 2.4247844219208 1.7691195011139 1.400848031044 1.4760296344757 1.7032401561737 1.7368001937866 1.2728669643402 -0.051630351692438 -2.6094396114349 -3.8029401302338 -4.4228219985962 -4.7996377944946 -5.0760450363159 -5.2488441467285 -5.1892919540405 -4.525707244873 -2.7163548469543 0.59464257955551 -999 -999 -999 -999 -999 -999 -999 -999 -999 -999 -999 -999 -999 -999 -999 -999 -999 -999 -999 -999 -999 -999 -999 -999 -999 -999 -999 -999
3.5476489067078 3.6594128608704 3.7448525428772 3.784811258316 3.7796301841736 3.7511274814606 3.7234072685242 3.7102010250092 3.7206337451935 3.7708425521851 3.8902635574341 4.1165971755981 4.356785774231 4.5128116607666 4.5473065376282 4.4567995071411 4.2645273208618 3.9765536785126 3.5616755485535 2.9983429908752 2.3949949741364 1.9623695611954 1.8181358575821 1.8663794994354 1.9188388586044 1.7227820158005 0.76911145448685 -1.8863018751144 -3.5159428119659 -4.4484047889709 -4.9609956741333 -5.2676968574524 -5.424681186676 -5.2843866348267 -4.4006662368774 -2.258024930954 1.4772628545761 -999 -999 -999 -999 -999 -999 -999 -999 -999 -999 -999 -999 -999 -999 -999 -999 -999 -999 -999 -999 -999 -999 -999 -999 -999 -999 -999 -999
3.6185541152954 3.7543992996216 3.8638100624084 3.9055483341217 3.8810019493103 3.8354506492615 3.8079097270966 3.8106389045715 3.8447639942169 3.9177408218384 4.049060344696 4.2597980499268 4.492299079895 4.6673016548157 4.7338461875916 4.6653470993042 4.5125980377197 4.2977457046509 3.9922940731049 3.5106191635132 2.9349663257599 2.4403100013733 2.1412801742554 2.0203518867493 1.9848954677582 1.873566031456 1.361049413681 0.032640535384417 -2.6705069541931 -4.2298903465271 -5.0868706703186 -5.4904236793518 -5.5996980667114 -5.2513165473938 -3.7891879081726 -0.018759330734611 2.2206509113312 -999 -999 -999 -999 -999 -999 -999 -999 -999 -999 -999 -999 -999 -999 -999 -999 -999 -999 -999 -999 -999 -999 -999 -999 -999 -999 -999 -999
3.6772494316101 3.8310716152191 3.9672069549561 4.0029602050781 3.946658372879 3.8786823749542 3.8556957244873 3.8864457607269 3.9578373432159 4.0721664428711 4.2361721992493 4.4313859939575 4.6304483413696 4.783534526825 4.8406357765198 4.781042098999 4.6408367156982 4.4413485527039 4.1555824279785 3.7318315505981 3.2125067710876 2.7171347141266 2.3420760631561 2.1074151992798 1.9742039442062 1.8680161237717 1.6376091241837 1.0010615587234 -0.40435978770256 -3.2144615650177 -4.6950240135193 -5.3243856430054 -5.3778214454651 -4.7282619476318 -2.8229851722717 0.87063384056091 -999 -999 -999 -999 -999 -999 -999 -999 -999 -999 -999 -999 -999 -999 -999 -999 -999 -999 -999 -999 -999 -999 -999 -999 -999 -999 -999 -999 -999
3.7107169628143 3.8626351356506 3.9938750267029 4.0163331031799 3.942950963974 3.8641321659088 3.8520946502686 3.9213938713074 4.0315999984741 4.1844277381897 4.3717975616455 4.5669031143188 4.7390952110291 4.8534059524536 4.8785080909729 4.8035912513733 4.6451830863953 4.4176740646362 4.1109781265259 3.7117409706116 3.2487177848816 2.7915639877319 2.4047245979309 2.1134848594666 1.8989722728729 1.7488832473755 1.6168105602264 1.3714094161987 0.74256467819214 -0.60051518678665 -3.1386730670929 -3.8953711986542 -3.8822424411774 -3.0148816108704 -0.093759819865227 -999 -999 -999 -999 -999 -999 -999 -999 -999 -999 -999 -999 -999 -999 -999 -999 -999 -999 -999 -999 -999 -999 -999 -999 -999 -999 -999 -999 -999 -999
3.7009007930756 3.8201813697815 3.9079122543335 3.9208374023438 3.8666050434113 3.8076364994049 3.8132588863373 3.9071483612061 4.0470781326294 4.2277126312256 4.4363684654236 4.6395378112793 4.7947707176208 4.8758525848389 4.8670477867126 4.7612714767456 4.5647444725037 4.291787147522 3.9528675079346 3.5585973262787 3.1324772834778 2.714243888855 2.3609874248505 2.0484142303467 1.7680809497833 1.5608798265457 1.4423229694366 1.3664436340332 1.210157752037 0.76670998334885 0.096738837659359 -0.20758831501007 -0.10210041701794 0.45039322972298 1.4371556043625 -999 -999 -999 -999 -999 -999 -999 -999 -999 -999 -999 -999 -999 -999 -999 -999 -999 -999 -999 -999 -999 -999 -999 -999 -999 -999 -999 -999 -999 -999
3.6468486785889 3.7210383415222 3.7674119472504 3.7722864151001 3.7452504634857 3.7265033721924 3.759875535965 3.8522901535034 3.9927427768707 4.1803226470947 4.4010009765625 4.6163821220398 4.7631816864014 4.8287081718445 4.7994208335876 4.6662950515747 4.4265727996826 4.1019792556763 3.7258784770966 3.3272149562836 2.9281630516052 2.5575511455536 2.2362675666809 1.8997677564621 1.5764200687408 1.3362951278687 1.2208485603333 1.2245092391968 1.2713422775269 1.2754859924316 1.2427703142166 1.271705031395 1.4106928110123 1.6885321140289 2.1011412143707 -999 -999 -999 -999 -999 -999 -999 -999 -999 -999 -999 -999 -999 -999 -999 -999 -999 -999 -999 -999 -999 -999 -999 -999 -999 -999 -999 -999 -999 -999
3.555125951767 3.5877070426941 3.602498292923 3.5994327068329 3.5892460346222 3.5961589813232 3.6435604095459 3.7295045852661 3.8518164157867 4.02259349823 4.2307815551758 4.4386105537415 4.5925288200378 4.6711072921753 4.6537036895752 4.5146007537842 4.2323126792908 3.8493237495422 3.435115814209 3.0309517383575 2.6479966640472 2.2911837100983 1.9581345319748 1.6267048120499 1.324630022049 1.1058869361877 1.0175499916077 1.0678970813751 1.1845932006836 1.3168559074402 1.4408727884293 1.5628606081009 1.7042105197906 1.9136440753937 -999 -999 -999 -999 -999 -999 -999 -999 -999 -999 -999 -999 -999 -999 -999 -999 -999 -999 -999 -999 -999 -999 -999 -999 -999 -999 -999 -999 -999 -999 -999
3.4228777885437 3.4244298934937 3.4156761169434 3.4025044441223 3.392849445343 3.4003880023956 3.4367339611053 3.5032460689545 3.6028072834015 3.7426772117615 3.9152619838715 4.0964984893799 4.2529716491699 4.3593907356262 4.3868818283081 4.2699537277222 3.9415347576141 3.4952635765076 3.0557286739349 2.6646320819855 2.3036139011383 1.9470909833908 1.5975126028061 1.2877497673035 1.0584906339645 0.9209121465683 0.8884214758873 0.95881098508835 1.090390920639 1.2410018444061 1.3819451332092 1.5046206712723 1.6314665079117 1.8291339874268 -999 -999 -999 -999 -999 -999 -999 -999 -999 -999 -999 -999 -999 -999 -999 -999 -999 -999 -999 -999 -999 -999 -999 -999 -999 -999 -999 -999 -999 -999 -999
3.2447261810303 3.2290177345276 3.2039568424225 3.1774723529816 3.1558132171631 3.1469917297363 3.1581475734711 3.1938979625702 3.2589821815491 3.3572735786438 3.485191822052 3.6310386657715 3.7736637592316 3.888237953186 3.9386579990387 3.8484029769897 3.4637727737427 2.9842014312744 2.564288854599 2.2325477600098 1.9312663078308 1.6004991531372 1.2580426931381 0.97986793518066 0.83856892585754 0.78628408908844 0.80863791704178 0.89723026752472 1.0292896032333 1.1732239723206 1.3013581037521 1.404291510582 1.5108641386032 1.6952446699142 -999 -999 -999 -999 -999 -999 -999 -999 -999 -999 -999 -999 -999 -999 -999 -999 -999 -999 -999 -999 -999 -999 -999 -999 -999 -999 -999 -999 -999 -999 -999
3.0323295593262 3.0060136318207 2.9682834148407 2.9268984794617 2.8864679336548 2.8525483608246 2.8307971954346 2.8273322582245 2.8480269908905 2.8980255126953 2.9780976772308 3.0830955505371 3.19513630867 3.2814536094666 3.2886040210724 3.1291127204895 2.7507965564728 2.3317594528198 1.9833515882492 1.7586708068848 1.56476354599 1.3006454706192 1.0191587209702 0.80425578355789 0.70996260643005 0.70471602678299 0.76035529375076 0.8619732260704 0.99219912290573 1.1272810697556 1.2434182167053 1.3336592912674 1.4292751550674 1.6018713712692 -999 -999 -999 -999 -999 -999 -999 -999 -999 -999 -999 -999 -999 -999 -999 -999 -999 -999 -999 -999 -999 -999 -999 -999 -999 -999 -999 -999 -999 -999 -999
2.8037407398224 2.7667074203491 2.7162780761719 2.6585741043091 2.5964369773865 2.5338332653046 2.4751689434052 2.426506280899 2.3961253166199 2.3934171199799 2.4247784614563 2.4903128147125 2.5709474086761 2.6235756874084 2.5864987373352 2.3995931148529 2.0723035335541 1.7153042554855 1.4232618808746 1.3026560544968 1.2083594799042 1.0478700399399 0.86061590909958 0.71565163135529 0.65294468402863 0.66574829816818 0.73222291469574 0.83629184961319 0.96264481544495 1.0925166606903 1.2057459354401 1.2969622612 1.4023462533951 -999 -999 -999 -999 -999 -999 -999 -999 -999 -999 -999 -999 -999 -999 -999 -999 -999 -999 -999 -999 -999 -999 -999 -999 -999 -999 -999 -999 -999 -999 -999 -999
2.5716533660889 2.5228509902954 2.4591596126556 2.3847529888153 2.3006715774536 2.2086319923401 2.1117351055145 2.0156745910645 1.9304481744766 1.8724097013474 1.8579560518265 1.8938536643982 1.9623268842697 2.009795665741 1.9756947755814 1.8244122266769 1.5748424530029 1.2971892356873 1.0804830789566 0.98690730333328 0.93550586700439 0.85184955596924 0.7453106045723 0.65947324037552 0.62543606758118 0.64607930183411 0.71191465854645 0.81111001968384 0.93062853813171 1.0572531223297 1.1763039827347 -999 -999 -999 -999 -999 -999 -999 -999 -999 -999 -999 -999 -999 -999 -999 -999 -999 -999 -999 -999 -999 -999 -999 -999 -999 -999 -999 -999 -999 -999 -999 -999 -999 -999
2.34295129776 2.2827022075653 2.20632147789 2.1165020465851 2.0130076408386 1.8950607776642 1.7633301019669 1.6220809221268 1.4830654859543 1.3713436126709 1.3186806440353 1.3390160799026 1.4215866327286 1.4942449331284 1.4976271390915 1.4069519042969 1.2419173717499 1.0536717176437 0.90235638618469 0.81878918409348 0.77200186252594 0.72091001272202 0.661705493927 0.61558496952057 0.60234898328781 0.62744128704071 0.68876492977142 0.77899807691574 0.88907670974731 1.009871840477 -999 -999 -999 -999 -999 -999 -999 -999 -999 -999 -999 -999 -999 -999 -999 -999 -999 -999 -999 -999 -999 -999 -999 -999 -999 -999 -999 -999 -999 -999 -999 -999 -999 -999 -999
2.121853351593 2.0516707897186 1.9648934602737 1.862956404686 1.7450760602951 1.6088752746582 1.4529762268066 1.2793034315109 1.0987341403961 0.94317996501923 0.86621457338333 0.88934022188187 0.99145704507828 1.0965659618378 1.1444568634033 1.112065076828 1.0209592580795 0.90649807453156 0.80417281389236 0.73309552669525 0.68460124731064 0.64255446195602 0.60376679897308 0.57865065336227 0.57686346769333 0.60331225395203 0.6584564447403 0.73822700977325 0.83798402547836 -999 -999 -999 -999 -999 -999 -999 -999 -999 -999 -999 -999 -999 -999 -999 -999 -999 -999 -999 -999 -999 -999 -999 -999 -999 -999 -999 -999 -999 -999 -999 -999 -999 -999 -999 -999
1.9111787080765 1.8335942029953 1.7398126125336 1.6308279037476 1.5055680274963 1.3615742921829 1.1972904205322 1.0149074792862 0.82558417320251 0.66126245260239 0.5736209154129 0.59309470653534 0.69962644577026 0.81813269853592 0.89409333467484 0.90848791599274 0.87391704320908 0.81316351890564 0.74647676944733 0.68764972686768 0.63858377933502 0.59657937288284 0.5642084479332 0.54678374528885 0.5484733581543 0.57317554950714 0.6212255358696 0.69193893671036 0.78444731235504 -999 -999 -999 -999 -999 -999 -999 -999 -999 -999 -999 -999 -999 -999 -999 -999 -999 -999 -999 -999 -999 -999 -999 -999 -999 -999 -999 -999 -999 -999 -999 -999 -999 -999 -999 -999
1.711430311203 1.6293312311172 1.5326116085052 1.4223086833954 1.2974113225937 1.1561241149902 0.99874895811081 0.83001536130905 0.66273909807205 0.52471101284027 0.45234909653664 0.46469467878342 0.54528957605362 0.64937508106232 0.73295593261719 0.77624720335007 0.78068047761917 0.75684320926666 0.71407264471054 0.66382014751434 0.61315667629242 0.56767565011978 0.53490769863129 0.5168924331665 0.51714754104614 0.53757870197296 0.57999187707901 0.64622932672501 -999 -999 -999 -999 -999 -999 -999 -999 -999 -999 -999 -999 -999 -999 -999 -999 -999 -999 -999 -999 -999 -999 -999 -999 -999 -999 -999 -999 -999 -999 -999 -999 -999 -999 -999 -999 -999
1.5220285654068 1.4384500980377 1.3424512147903 1.2356045246124 1.1172540187836 0.98696208000183 0.84677821397781 0.70320999622345 0.56925004720688 0.4650841653347 0.41258150339127 0.42083182930946 0.47915557026863 0.56261426210403 0.64248257875443 0.70050668716431 0.7302365899086 0.73030400276184 0.70113909244537 0.65267479419708 0.59644794464111 0.54542803764343 0.50740104913712 0.48524051904678 0.48152053356171 0.49803534150124 0.5382484793663 -999 -999 -999 -999 -999 -999 -999 -999 -999 -999 -999 -999 -999 -999 -999 -999 -999 -999 -999 -999 -999 -999 -999 -999 -999 -999 -999 -999 -999 -999 -999 -999 -999 -999 -999 -999 -999 -999
1.3434872627258 1.2604594230652 1.1677327156067 1.0676119327545 0.95954823493958 0.84430676698685 0.72515445947647 0.60919731855392 0.50706541538239 0.43289577960968 0.3995198905468 0.40984877943993 0.4555037021637 0.52301687002182 0.59657347202301 0.66205739974976 0.70901334285736 0.72508120536804 0.70049858093262 0.64561945199966 0.57968038320541 0.51999980211258 0.47486057877541 0.44764265418053 0.4405662715435 0.45601952075958 -999 -999 -999 -999 -999 -999 -999 -999 -999 -999 -999 -999 -999 -999 -999 -999 -999 -999 -999 -999 -999 -999 -999 -999 -999 -999 -999 -999 -999 -999 -999 -999 -999 -999 -999 -999 -999 -999 -999
1.1750249862671 1.0941169261932 1.0065075159073 0.9145575761795 0.81795316934586 0.71830576658249 0.61978644132614 0.52904629707336 0.4541554749012 0.40462610125542 0.38751512765884 0.40332797169685 0.44414761662483 0.50198262929916 0.56835901737213 0.63670295476913 0.69613718986511 0.7243567109108 0.69641721248627 0.62759870290756 0.54963034391403 0.48159363865852 0.43081989884377 0.40072092413902 0.39345243573189 -999 -999 -999 -999 -999 -999 -999 -999 -999 -999 -999 -999 -999 -999 -999 -999 -999 -999 -999 -999 -999 -999 -999 -999 -999 -999 -999 -999 -999 -999 -999 -999 -999 -999 -999 -999 -999 -999 -999 -999
1.0149527788162 0.93746429681778 0.85613942146301 0.77261602878571 0.68722307682037 0.60223644971848 0.52187621593475 0.4519128203392 0.39913976192474 0.36938834190369 0.36524271965027 0.38657492399216 0.42724427580833 0.47854843735695 0.53573626279831 0.59802186489105 0.65898144245148 0.69411039352417 0.65647965669632 0.5761930346489 0.49240392446518 0.42154377698898 0.37012729048729 0.34147396683693 -999 -999 -999 -999 -999 -999 -999 -999 -999 -999 -999 -999 -999 -999 -999 -999 -999 -999 -999 -999 -999 -999 -999 -999 -999 -999 -999 -999 -999 -999 -999 -999 -999 -999 -999 -999 -999 -999 -999 -999 -999
0.86196082830429 0.78831869363785 0.71351140737534 0.63810896873474 0.56303769350052 0.49075171351433 0.42534783482552 0.37191024422646 0.33587983250618 0.32077303528786 0.32712611556053 0.35253509879112 0.39274296164513 0.43802788853645 0.48239108920097 0.52793371677399 0.56981521844864 0.58622819185257 0.5492342710495 0.47648602724075 0.40017384290695 0.33595851063728 0.29071953892708 0.26840314269066 -999 -999 -999 -999 -999 -999 -999 -999 -999 -999 -999 -999 -999 -999 -999 -999 -999 -999 -999 -999 -999 -999 -999 -999 -999 -999 -999 -999 -999 -999 -999 -999 -999 -999 -999 -999 -999 -999 -999 -999 -999
