datos/01-EFM-Pronostico-de-Enero-2021-Lluvia/03_Marzo/GRDS/03_2021_Anom.grd
DSAA
390 228
-118.47924025641 -86.14575974359
14.037283991228 32.871016008772
-999 17.65128326416
[rows 87 to 115 of 228, columns 130 to 194 of 390]
-999 -999 -999 -999 -999 -999 -999 -999 -999 -999 -999 -999 -999 -999 -999 -999 -999 -999 -999 -999 -999 -999 -999 -999 -999 -999 -999 -999 -999 -999 -4.2704858779907 -4.1999292373657 -3.916134595871 -3.4759302139282 -3.0546746253967 -2.6624405384064 -2.1012239456177 -1.4699685573578 -1.3577597141266 -1.6797372102737 -1.7784754037857 -1.2999918460846 0.49184566736221 1.3112622499466 1.4997935295105 1.3581285476685 1.1668018102646 1.1340522766113 1.2352675199509 1.1681952476501 1.2391985654831 1.2301820516586 1.1441284418106 1.0939551591873 1.0989365577698 1.1440320014954 1.2310633659363 1.3527340888977 1.4792137145996 1.5758602619171 1.6434963941574 1.7011303901672 1.7688710689545 1.8559312820435 1.9449242353439
-999 -999 -999 -999 -999 -999 -999 -999 -999 -999 -999 -999 -999 -999 -999 -999 -999 -999 -999 -999 -999 -999 -999 -999 -999 -999 -999 -999 -999 -999 -4.3421521186829 -4.2837581634521 -4.0272545814514 -3.5465598106384 -3.1035151481628 -2.777890920639 -2.4639759063721 -2.1906621456146 -2.0339114665985 -1.784997344017 -1.2014006376266 -0.46153220534325 0.6002431511879 2.3253481388092 2.5932211875916 2.1905539035797 1.4887140989304 1.0068463087082 0.69278156757355 -0.088614910840988 1.0272485017776 1.2437785863876 1.1828169822693 1.0997945070267 1.0592728853226 1.0727663040161 1.1505256891251 1.2689195871353 1.3925606012344 1.4923810958862 1.5715383291245 1.6466437578201 1.7355279922485 1.8487449884415 1.9597307443619
-999 -999 -999 -999 -999 -999 -999 -999 -999 -999 -999 -999 -999 -999 -999 -999 -999 -999 -999 -999 -999 -999 -999 -999 -999 -999 -999 -999 -999 -999 -4.2295660972595 -4.1336455345154 -3.8853299617767 -3.5040514469147 -3.1164886951447 -2.7987649440765 -2.5371105670929 -2.3439254760742 -2.1661825180054 -1.5570862293243 0.41220113635063 1.5775406360626 2.3646461963654 2.8968160152435 2.8873116970062 2.2306323051453 0.44757941365242 -0.24860820174217 -0.3257300555706 0.77857404947281 1.2321301698685 1.3276381492615 1.2300330400467 1.1104786396027 1.0293265581131 1.0104343891144 1.0821534395218 1.195285320282 1.3156428337097 1.4221606254578 1.517326593399 1.618945479393 1.7462363243103 1.8901920318604 2.0242640972137
-999 -999 -999 -999 -999 -999 -999 -999 -999 -999 -999 -999 -999 -999 -999 -2.1991469860077 -999 -999 -999 -999 -999 -999 -999 -999 -999 -999 -999 -999 -999 -999 -4.0142822265625 -3.8707809448242 -3.6596357822418 -3.378805398941 -3.0758836269379 -2.7999029159546 -2.5639805793762 -2.3783600330353 -2.2462530136108 -1.748347401619 -0.58064323663712 1.6617881059647 2.7417840957642 3.085991859436 2.9506571292877 2.4598858356476 1.7443476915359 1.2881897687912 1.2205942869186 1.4486018419266 1.5531376600266 1.4691164493561 1.3056007623672 1.1533757448196 1.0511953830719 1.0155971050262 1.0562703609467 1.1431546211243 1.2486556768417 1.3602013587952 1.4768484830856 1.615137219429 1.7844333648682 1.9640600681305 2.1260612010956
-999 -999 -999 -999 -999 -999 -999 -999 -999 -999 -999 -999 -999 -999 -2.145519733429 -999 -999 -999 -999 -999 -999 -999 -999 -999 -999 -999 -999 -999 -3.6705989837646 -3.7822282314301 -3.7200736999512 -3.5778636932373 -3.4195234775543 -3.2321038246155 -3.0206809043884 -2.8036632537842 -2.604768037796 -2.4298083782196 -2.2805018424988 -1.9826538562775 -1.0950175523758 0.4820730984211 2.5372207164764 3.0129365921021 2.9107804298401 2.6180164813995 2.2876131534576 2.0438580513 1.9333876371384 1.8969775438309 1.8165414333344 1.6431965827942 1.422788977623 1.2399014234543 1.1191354990005 1.0625985860825 1.0652933120728 1.1064161062241 1.1790844202042 1.2878135442734 1.4284952878952 1.6107894182205 1.8240214586258 2.0406608581543 2.2342073917389
-999 -999 -999 -999 -999 -999 -999 -999 -999 -999 -999 -999 -999 -2.0628459453583 -999 -999 -999 -999 -999 -999 -999 -999 -999 -999 -999 -999 -999 -3.1573874950409 -3.327645778656 -3.39608502388 -3.3351919651031 -3.2331964969635 -3.1664564609528 -3.0877857208252 -2.9810979366302 -2.8402962684631 -2.6761412620544 -2.498966217041 -2.3255276679993 -2.0454277992249 -1.0322977304459 1.3613152503967 2.5833549499512 2.9073579311371 2.8016617298126 2.5829212665558 2.3723752498627 2.2238476276398 2.1506807804108 2.1128857135773 2.0365145206451 1.8580312728882 1.5965876579285 1.3704658746719 1.2123467922211 1.1211594343185 1.0834460258484 1.0698115825653 1.091853260994 1.1835086345673 1.3474948406219 1.5719087123871 1.8248839378357 2.0693895816803 2.2883448600769
-999 -999 -999 -999 -999 -999 -999 -999 -999 -999 -999 -999 -999 -999 -999 -999 -999 -999 -999 -999 -999 -999 -999 -999 -999 -999 -999 -2.7911529541016 -2.920291185379 -999 -2.9384078979492 -2.8761756420135 -2.9171967506409 -2.9710266590118 -2.9750304222107 -2.9116234779358 -2.7717161178589 -2.5752878189087 -2.3704295158386 -2.0408315658569 -0.91669720411301 1.5623495578766 2.6013431549072 2.7896735668182 2.6609573364258 2.4624419212341 2.285740852356 2.1790359020233 2.16290807724 2.1974422931671 2.209130525589 2.0863888263702 1.805636048317 1.517881155014 1.3048021793365 1.1674757003784 1.0908259153366 1.0319180488586 0.99758583307266 1.0635524988174 1.2337812185287 1.4771856069565 1.7419786453247 1.9853665828705 2.2083008289337
-999 -999 -999 -999 -999 -999 -999 -999 -999 -999 -999 -999 -999 -999 -999 -999 -999 -999 -999 -999 -999 -999 -999 -999 -999 -999 -2.3458008766174 -2.4052402973175 -2.4969754219055 -2.5941441059113 -2.6201496124268 -999 -2.7721567153931 -2.9260411262512 -3.0086913108826 -2.9942772388458 -2.8588712215424 -2.6286854743958 -2.3912794589996 -1.9894139766693 -0.84021705389023 1.5568438768387 2.5035705566406 2.6435856819153 2.5138533115387 2.3313388824463 2.1672945022583 2.0609059333801 2.0516381263733 2.1087694168091 2.2118375301361 2.1862571239471 1.9260052442551 1.6168346405029 1.3612314462662 1.1841733455658 1.0711032152176 0.97738605737686 0.91261780261993 0.95955991744995 1.1156530380249 1.3269149065018 1.5422008037567 1.7518240213394 1.968338727951
-999 -999 -999 -999 -999 -999 -999 -999 -999 -999 -999 -999 -999 -999 -999 -999 -999 -999 -999 -999 -999 -999 -999 -999 -999 -999 -2.1037919521332 -2.0351619720459 -2.0452179908752 -2.2492198944092 -2.4137382507324 -2.5541219711304 -2.7649185657501 -2.9682245254517 -3.0778484344482 -3.055748462677 -2.896803855896 -2.6421954631805 -2.3831746578217 -1.7742136716843 -0.50646412372589 1.6414759159088 2.3997251987457 2.493620634079 2.3769602775574 2.2218706607819 2.079710483551 1.9540227651596 1.7885749340057 1.663140296936 1.9016515016556 2.0186998844147 1.8673979043961 1.6023200750351 1.3524814844131 1.1702923774719 1.0497968196869 0.95138132572174 0.8846275806427 0.92304110527039 1.0354880094528 1.1606551408768 1.3104245662689 1.474417090416 1.6715303659439
-999 -999 -999 -999 -999 -999 -999 -999 -999 -999 -999 -999 -999 -999 -999 -999 -999 -999 -999 -999 -999 -999 -999 -999 -999 -2.0382289886475 -1.9871217012405 -1.8171879053116 -1.3633242845535 -2.0441591739655 -2.3842558860779 -2.6115992069244 -2.8706924915314 -3.0895354747772 -3.1869604587555 -3.121570110321 -2.9271619319916 -2.661835193634 -2.2916355133057 -1.3617324829102 0.70972216129303 1.8821891546249 2.3200645446777 2.3529868125916 2.2535679340363 2.1315009593964 2.0137841701508 1.8638913631439 1.5025917291641 0.47748178243637 1.4969987869263 1.7532000541687 1.6657128334045 1.4685381650925 1.2923530340195 1.1657688617706 1.0760468244553 1.0053528547287 0.96385729312897 0.97058421373367 0.99934524297714 1.0521358251572 1.1594657897949 1.3067482709885 1.4786783456802
-999 -999 -999 -999 -999 -999 -999 -999 -999 -999 -999 -999 -999 -999 -999 -999 -999 -999 -999 -999 -999 -999 -999 -999 -999 -2.0252282619476 -1.9903583526611 -1.8418558835983 -1.7532032728195 -2.1151797771454 -2.5207662582397 -2.8209705352783 -3.0847945213318 -3.214081287384 -3.2216844558716 -3.1157314777374 -2.9410502910614 -2.6680212020874 -2.0817837715149 -0.88650900125504 1.1329151391983 1.9795157909393 2.2201993465424 2.21755027771 2.1389334201813 2.0461046695709 1.9526083469391 1.830255150795 1.5988167524338 1.3604418039322 1.4817070960999 1.549910902977 1.4538397789001 1.3150475025177 1.2461564540863 1.1998246908188 1.1573139429092 1.1224414110184 1.1001719236374 1.0889939069748 1.0835071802139 1.0925941467285 1.146754026413 1.2914435863495 1.4696478843689
-999 -999 -999 -999 -999 -999 -999 -999 -999 -999 -999 -999 -999 -999 -999 -999 -999 -999 -999 -999 -999 -999 -999 -999 -999 -2.0532128810883 -2.0177981853485 -1.8211641311646 -1.3886075019836 -2.157812833786 -2.6661705970764 -2.9946873188019 -3.1219556331635 -2.9918656349182 -2.7913517951965 -2.6008610725403 -2.4883584976196 -2.3798773288727 -1.6964734792709 0.19268444180489 1.3965108394623 1.9430849552155 2.0915770530701 2.0859818458557 2.0302555561066 1.9596581459045 1.8850615024567 1.8020377159119 1.6958751678467 1.586164355278 1.506031870842 1.4198081493378 1.3286006450653 1.2733006477356 1.2839140892029 1.2840262651443 1.2747702598572 1.2656910419464 1.2601805925369 1.252979516983 1.245575428009 1.2406837940216 1.2339416742325 1.3599865436554 1.5265208482742
-999 -999 -999 -999 -999 -999 -999 -999 -999 -999 -999 -999 -999 -999 -999 -999 -999 -999 -999 -999 -999 -999 -999 -999 -999 -2.0923254489899 -1.9915305376053 -1.7467017173767 -1.3706339597702 -2.0683889389038 -2.5281364917755 -2.8044123649597 -2.813606262207 -2.0898537635803 -1.5708776712418 -1.2068897485733 -1.1425886154175 -1.7363764047623 -1.2873369455338 0.50272232294083 1.4627484083176 1.8418027162552 1.9534108638763 1.962891459465 1.9306282997131 1.875971198082 1.8105808496475 1.7455551624298 1.6829190254211 1.6014444828033 1.4698684215546 1.3395411968231 1.2951185703278 1.3195588588715 1.3688998222351 1.3953491449356 1.4020764827728 1.4063284397125 1.4129232168198 1.4132397174835 1.4022042751312 1.3867695331573 1.3860586881638 1.4716484546661 1.5489962100983
-999 -999 -999 -999 -999 -999 -999 -999 -999 -999 -999 -999 -999 -999 -999 -999 -999 -999 -999 -999 -999 -999 -999 -999 -999 -2.075629234314 -1.8789880275726 -1.3226504325867 -1.5804179906845 -1.488284945488 -1.7195307016373 -1.8883024454117 -1.9558115005493 -2.1814301013947 -1.2006690502167 -0.69201320409775 -0.47777026891708 -0.52499264478683 -0.73665487766266 0.67700803279877 1.4056740999222 1.7011494636536 1.8141074180603 1.8527120351791 1.8472627401352 1.8067802190781 1.7451012134552 1.685878276825 1.6491119861603 1.6017971038818 1.4768028259277 1.3488146066666 1.3527090549469 1.4173415899277 1.4812740087509 1.5093196630478 1.5147765874863 1.5215549468994 1.5327525138855 1.5319529771805 1.5073084831238 1.4857006072998 1.4855148792267 1.5071672201157 1.5054157972336
-999 -999 -999 -999 -999 -999 -999 -999 -999 -999 -999 -999 -999 -999 -999 -999 -999 -999 -999 -999 -999 -999 -999 -999 -2.033819437027 -2.0279369354248 -1.7858678102493 -1.1698288917542 -1.1574200391769 -1.337031006813 -1.5687487125397 -1.6714396476746 -1.6647907495499 -1.5307906866074 -1.1051061153412 -0.66399127244949 -0.32451930642128 -0.077262349426746 0.22929216921329 0.81284654140472 1.2746298313141 1.5280923843384 1.673401594162 1.7577582597733 1.7882142066956 1.7670278549194 1.7129110097885 1.6615760326385 1.6546957492828 1.6595052480698 1.5953015089035 1.5132715702057 1.5040088891983 1.549565076828 1.5959260463715 1.603266954422 1.590064406395 1.5878055095673 1.590434551239 1.5752122402191 1.5386636257172 1.5093398094177 1.5031743049622 1.494126200676 1.4482198953629
-999 -999 -999 -999 -999 -999 -999 -999 -999 -999 -999 -999 -999 -999 -999 -999 -999 -999 -999 -999 -999 -999 -999 -999 -1.8087943792343 -1.9889081716537 -1.7108745574951 -1.1297701597214 -1.1371392011642 -1.4009419679642 -1.6447505950928 -1.7453145980835 -1.6893408298492 -1.506045460701 -1.2028490304947 -0.83822554349899 -0.46359631419182 -0.091294623911381 0.30031934380531 0.71052956581116 1.0598742961884 1.3234668970108 1.5261117219925 1.6746237277985 1.7539690732956 1.7592158317566 1.7186260223389 1.6861625909805 1.7147728204727 1.7773206233978 1.7706952095032 1.71368932724 1.6844483613968 1.6864310503006 1.6864438056946 1.6560672521591 1.6201450824738 1.6041941642761 1.5914719104767 1.5577449798584 1.4987593889236 1.4451982975006 1.4263306856155 1.4249252080917 1.4008119106293
-999 -999 -999 -999 -999 -999 -999 -999 -999 -999 -999 -999 -999 -999 -999 -999 -999 -999 -999 -999 -999 -999 -999 -2.1012916564941 -999 -2.0646331310272 -1.5475703477859 -1.2223960161209 -1.2446591854095 -1.5124764442444 -1.7778491973877 -1.9010671377182 -1.8628996610641 -1.6953797340393 -1.4304490089417 -1.0977804660797 -0.72442531585693 -0.32989501953125 0.069971263408661 0.45331656932831 0.79752057790756 1.0998884439468 1.3659303188324 1.5862622261047 1.7272742986679 1.7657984495163 1.7338718175888 1.6937032938004 1.7257100343704 1.8361475467682 1.8859697580338 1.8698780536652 1.8437269926071 1.8137453794479 1.7638512849808 1.6921938657761 1.6374188661575 1.6019973754883 1.5682466030121 1.5113509893417 1.4175328016281 1.3120957612991 1.242960691452 1.249452829361 1.3076049089432
-999 -999 -999 -999 -999 -999 -999 -999 -999 -999 -999 -999 -999 -999 -999 -999 -999 -999 -999 -999 -999 -999 -999 -1.8777476549149 -2.0139675140381 -2.0212242603302 -1.8346357345581 -1.4330626726151 -1.4343544244766 -1.7278492450714 -1.9974187612534 -2.1303462982178 -2.1093153953552 -1.9586013555527 -1.7100149393082 -1.3904485702515 -1.0234647989273 -0.62987303733826 -0.22966715693474 0.1579904705286 0.52226400375366 0.862544298172 1.1785633563995 1.4585554599762 1.6651544570923 1.7540397644043 1.7200931310654 1.6153316497803 1.5635920763016 1.6967284679413 1.8510453701019 1.9491546154022 1.9750438928604 1.9456839561462 1.8734087944031 1.7750215530396 1.6853922605515 1.6129583120346 1.5539021492004 1.4761126041412 1.353463768959 1.1909825801849 1.0491304397583 1.0527191162109 1.1569910049438
-999 -999 -999 -999 -999 -999 -999 -999 -999 -999 -999 -999 -999 -999 -999 -999 -999 -999 -999 -999 -999 -999 -0.94505614042282 -0.94590121507645 -1.11512362957 -1.4485819339752 -1.5124561786652 -1.5080858469009 -1.6642882823944 -2.0478949546814 -2.3270862102509 -2.4529500007629 -2.4259579181671 -2.272073507309 -2.0217816829681 -1.7009997367859 -1.3327893018723 -0.93734419345856 -0.53292000293732 -0.13561408221722 0.24592804908752 0.60982990264893 0.95406574010849 1.2705583572388 1.533916592598 1.6853628158569 1.6363443136215 1.3706351518631 1.0182589292526 1.1087484359741 1.603483080864 1.9615759849548 2.0888288021088 2.0866866111755 2.0183367729187 1.9074850082397 1.7747672796249 1.6590995788574 1.5805102586746 1.4978567361832 1.3686764240265 1.1826255321503 0.98628050088882 0.96542823314667 1.0482666492462
-999 -999 -999 -999 -999 -999 -999 -999 -999 -999 -999 -999 -999 -999 -999 -999 -999 -999 -999 -999 -0.47910580039024 -0.51167124509811 -0.59631383419037 -0.75106602907181 -1.1274209022522 -1.3737696409225 -1.5296751260757 -1.681510925293 -1.9607799053192 -2.4541640281677 -2.7564492225647 -2.8677792549133 -2.8134164810181 -2.6346225738525 -2.3639991283417 -2.0268452167511 -1.6454355716705 -1.2391879558563 -0.82515239715576 -0.41797167062759 -0.02607143111527 0.34746897220612 0.69984632730484 1.0261161327362 1.3115149736404 1.5041003227234 1.4924093484879 1.0944689512253 -0.22837521135807 -0.15552730858326 1.3734203577042 1.9741514921188 2.1814455986023 2.2084212303162 2.1647696495056 2.062846660614 1.9022399187088 1.7466425895691 1.6590925455093 1.5891981124878 1.4816892147064 1.3063193559647 1.1265187263489 1.0422476530075 1.0440920591354
-999 -999 -999 -999 -999 -999 -999 -999 -999 -999 -999 -999 -999 -999 -999 -999 -999 -999 -999 -999 -0.45394751429558 -0.51615881919861 -0.67805379629135 -1.0623232126236 -1.3604828119278 -1.5797392129898 -1.7586838006973 -1.9759521484375 -2.3380987644196 -2.9260358810425 -3.2514343261719 -3.3450798988342 -3.2561223506927 -3.0387489795685 -2.7320947647095 -2.3632500171661 -1.9555535316467 -1.5284969806671 -1.0990748405457 -0.68147844076157 -0.28384110331535 0.091183595359325 0.44082400202751 0.76118421554565 1.0443743467331 1.2760981321335 1.3736927509308 1.2395251989365 0.95752149820328 1.0732842683792 1.609454870224 2.0213191509247 2.2072200775146 2.2617743015289 2.2566361427307 2.1916649341583 2.0278265476227 1.864480137825 1.7664355039597 1.7183026075363 1.6542159318924 1.5101628303528 1.3328285217285 1.1951718330383 1.1202147006989
-999 -999 -999 -999 -999 -999 -999 -999 -999 -999 -999 -999 -999 -999 -999 -999 -999 -999 -999 -0.4797525703907 -0.53600013256073 -0.66489893198013 -0.91442358493805 -1.3514406681061 -1.6598446369171 -1.8861424922943 -2.0874743461609 -2.3417055606842 -2.7401897907257 -3.3784732818604 -3.7509331703186 -3.8521513938904 -3.7347066402435 -3.4715178012848 -3.1160106658936 -2.7019016742706 -2.2547583580017 -1.7960852384567 -1.3446081876755 -0.91507166624069 -0.51403111219406 -0.14069102704525 0.20605917274952 0.52596986293793 0.81861001253128 1.0769926309586 1.2713034152985 1.3807721138 1.4527983665466 1.5975968837738 1.8277707099915 2.036892414093 2.1667582988739 2.2298963069916 2.2458727359772 2.2004766464233 2.0755524635315 1.9370297193527 1.848708987236 1.8238562345505 1.7959951162338 1.6728392839432 1.4942116737366 1.3312304019928 1.218807220459
-999 -999 -999 -999 -999 -999 -999 -999 -999 -999 -999 -999 -999 -999 -999 -999 -999 -0.51113122701645 -0.50746828317642 -0.55897676944733 -0.67702263593674 -0.90388834476471 -1.3044809103012 -1.6756739616394 -1.9976419210434 -2.2619369029999 -2.5011026859283 -2.779599905014 -3.1534311771393 -3.6063237190247 -4.1632394790649 -4.3336067199707 -4.2187333106995 -3.913275718689 -3.5005593299866 -3.0290036201477 -2.5296213626862 -2.0275681018829 -1.5460606813431 -1.1028159856796 -0.70171838998795 -0.33337768912315 0.012737252749503 0.33986133337021 0.64436548948288 0.91893810033798 1.1577050685883 1.3635040521622 1.5460889339447 1.7078399658203 1.8582050800323 1.9871261119843 2.0812475681305 2.1393444538116 2.1616096496582 2.1341972351074 2.0513997077942 1.9518111944199 1.8886533975601 1.8712046146393 1.8401197195053 1.7343776226044 1.5752229690552 1.4192456007004 1.3054474592209
-999 -999 -999 -999 -999 -999 -999 -999 -999 -999 -999 -999 -999 -999 -999 -999 -0.63947361707687 -0.56877416372299 -0.60528939962387 -0.6959165930748 -0.88790816068649 -1.313706278801 -1.6885875463486 -2.0512452125549 -2.3953227996826 -2.7132678031921 -3.0183963775635 -3.3346970081329 -3.6626150608063 -3.9873373508453 -4.3262577056885 -4.7152819633484 -4.6610059738159 -4.3352088928223 -3.8646655082703 -3.3268287181854 -2.7621924877167 -2.2031831741333 -1.6817812919617 -1.2232998609543 -0.82943874597549 -0.47470453381538 -0.13007317483425 0.20954178273678 0.52813053131104 0.81007325649261 1.0565969944 1.2847815752029 1.4967539310455 1.6689513921738 1.8003684282303 1.9025764465332 1.9799931049347 2.0330421924591 2.0613629817963 2.0560247898102 2.0063791275024 1.9376792907715 1.8940526247025 1.879739522934 1.8397933244705 1.7406650781631 1.606513261795 1.4740294218063 1.375892996788
-999 -999 -999 -999 -999 -999 -999 -999 -999 -999 -999 -999 -999 -999 -999 -1.0767681598663 -0.77557164430618 -0.72450017929077 -0.83090895414352 -0.9716734290123 -1.2067968845367 -1.6928142309189 -2.0913305282593 -2.4680080413818 -2.8375201225281 -3.2041962146759 -3.5757412910461 -3.9394640922546 -4.2471079826355 -4.4751672744751 -4.6968050003052 -4.9313859939575 -5.0552978515625 -4.7127385139465 -4.1856937408447 -3.5773077011108 -2.9346370697021 -2.3017861843109 -1.7264496088028 -1.2488541603088 -0.87319165468216 -0.54876494407654 -0.2090622484684 0.14984419941902 0.48763683438301 0.77451747655869 1.0110884904861 1.2279880046844 1.436273932457 1.6027026176453 1.7241740226746 1.816157579422 1.8875631093979 1.9431170225143 1.9821939468384 1.996418595314 1.9735306501389 1.9333904981613 1.9041441679001 1.8840507268906 1.8373112678528 1.7465566396713 1.6361931562424 1.5282455682755 1.4457803964615
-999 -999 -999 -999 -999 -999 -999 -999 -999 -999 -999 -999 -999 -999 -999 -1.6386767625809 -1.0027981996536 -1.0093266963959 -1.3174512386322 -1.5351060628891 -1.7835078239441 -2.1255354881287 -2.5137524604797 -2.9020535945892 -3.2777302265167 -3.6623532772064 -4.0736570358276 -4.4858374595642 -4.8075680732727 -4.9784498214722 -5.161970615387 -5.5503168106079 -5.4322414398193 -5.013286113739 -4.4360766410828 -3.759866476059 -3.029129743576 -2.3062317371368 -1.6587238311768 -1.1490548849106 -0.79666131734848 -0.52325284481049 -0.19175218045712 0.18896116316319 0.54547065496445 0.83594101667404 1.0595755577087 1.2463442087173 1.4136432409286 1.5511503219604 1.657697558403 1.7424840927124 1.8126175403595 1.8722429275513 1.9205672740936 1.9505162239075 1.9532768726349 1.9401650428772 1.9246547222137 1.9035276174545 1.8593924045563 1.7859178781509 1.6983489990234 1.6125084161758 1.544970870018
-999 -999 -999 -999 -999 -999 -999 -999 -999 -999 -999 -999 -999 -999 -2.6179342269897 -1.5125868320465 -1.207745552063 -1.4854266643524 -1.7620184421539 -2.0086925029755 -2.2645728588104 -2.5722286701202 -2.9576473236084 -3.327380657196 -3.6629889011383 -4.0168228149414 -4.4213542938232 -4.8544201850891 -5.2184491157532 -5.3955392837524 -5.5361580848694 -5.8414659500122 -5.6297369003296 -5.1673445701599 -4.5724143981934 -3.8419940471649 -3.0237171649933 -2.2115309238434 -1.4849251508713 -0.92378890514374 -0.57411587238312 -0.33848848938942 -0.024330148473382 0.35372146964073 0.70980107784271 0.98951977491379 1.1814541816711 1.3166251182556 1.426137804985 1.5212453603745 1.6053583621979 1.6815786361694 1.7501372098923 1.8116397857666 1.8658057451248 1.9089639186859 1.9355957508087 1.9475501775742 1.9495069980621 1.9384750127792 1.9056893587112 1.8510770797729 1.7873727083206 1.7268011569977 1.6775925159454
-999 -999 -999 -999 -999 -999 -999 -999 -999 -999 -999 -999 -999 -3.3697011470795 -2.7884421348572 -1.5940809249878 -1.6285350322723 -1.8870453834534 -2.1587355136871 -2.4187619686127 -2.7007377147675 -3.0317285060883 -3.3961732387543 -3.6964945793152 -3.9489932060242 -4.2394375801086 -4.6069827079773 -5.0388474464417 -5.5033588409424 -5.8467121124268 -5.8430089950562 -5.8797826766968 -5.5700235366821 -5.0989804267883 -4.520245552063 -3.758380651474 -2.8846228122711 -2.0253975391388 -1.2561935186386 -0.65584629774094 -0.27752500772476 -0.019083231687546 0.27411216497421 0.61927878856659 0.94893133640289 1.1960300207138 1.331081032753 1.3950041532516 1.4384200572968 1.4876562356949 1.5498425960541 1.6194471120834 1.6880044937134 1.7506263256073 1.8096586465836 1.8645756244659 1.910769701004 1.945167183876 1.9682977199554 1.9764809608459 1.9605684280396 1.9241154193878 1.8820306062698 1.8450726270676 1.8166605234146
-999 -999 -999 -999 -999 -999 -999 -999 -999 -999 -999 -999 -3.8277578353882 -3.541455745697 -2.4706003665924 -1.7649910449982 -2.0437226295471 -2.3231105804443 -2.55828166008 -2.7988727092743 -3.0777382850647 -3.4015927314758 -3.726925611496 -3.939975976944 -4.1221218109131 -4.3848481178284 -4.7511086463928 -5.1911091804504 -5.7847881317139 -6.7737832069397 -6.1062364578247 -5.6686520576477 -5.2503609657288 -4.7703657150269 -4.1826276779175 -3.4332511425018 -2.5835721492767 -1.7494200468063 -1.0095225572586 -0.42485195398331 -0.015589346177876 0.28680196404457 0.58056741952896 0.89560747146606 1.1854274272919 1.3808708190918 1.4437956809998 1.4287606477737 1.4072482585907 1.413072347641 1.4543470144272 1.5238454341888 1.5995353460312 1.6661615371704 1.733417391777 1.8033343553543 1.8693025112152 1.9244773387909 1.9684917926788 1.9989552497864 2.0024881362915 1.9842734336853 1.9639358520508 1.9510716199875 1.9495598077774
