all/datos/01-EFM-Pronostico-de-Enero-2021-Lluvia/01_Enero/GRDS/01_2021_Anom.grd
DSAA
390 228
-118.47924025641 -86.14575974359
14.037283991228 32.871016008772
-999 28.891662597656
[rows 145 to 173 of 228, columns 192 to 255 of 390]
-6.4760031700134 -6.2389788627625 -6.0133013725281 -5.8184409141541 -5.6736335754395 -5.5920820236206 -5.5670986175537 -5.5925574302673 -5.6566042900085 -5.7333755493164 -5.7917189598083 -5.8080725669861 -5.764675617218 -5.6565685272217 -5.5203919410706 -5.4938926696777 -5.7996511459351 -6.3051695823669 -6.5339503288269 -6.5652170181274 -6.7249817848206 -7.3550319671631 -8.2881135940552 -9.1347789764404 -9.7131395339966 -10.165782928467 -10.807662963867 -11.607935905457 -12.571757316589 -13.683930397034 -14.724542617798 -15.413389205933 -15.747084617615 -15.772245407104 -15.487627029419 -14.908876419067 -14.112272262573 -13.905678749084 -13.686297416687 -13.436165809631 -13.181930541992 -12.99178314209 -12.749666213989 -12.379703521729 -11.995109558105 -11.720034599304 -11.403039932251 -10.918734550476 -10.24297618866 -9.3431215286255 -8.2212028503418 -7.1067123413086 -999 -999 -999 -999 -999 -999 -999 -999 -999 -999 -999 -999
-6.3686490058899 -6.1676049232483 -5.9910111427307 -5.8529667854309 -5.7684435844421 -5.7424230575562 -5.7724223136902 -5.8514556884766 -5.9713521003723 -6.1148982048035 -6.2587203979492 -6.3841619491577 -6.4713435173035 -6.5076851844788 -6.5214729309082 -6.570544719696 -6.7624554634094 -7.0920572280884 -7.1442308425903 -7.0120034217834 -6.8898134231567 -7.7025656700134 -8.8708009719849 -9.7303895950317 -10.063008308411 -10.360898017883 -11.182065963745 -12.031035423279 -12.96616268158 -13.961139678955 -14.878930091858 -15.598098754883 -16.068197250366 -16.223781585693 -15.900628089905 -15.271126747131 -14.600600242615 -14.145848274231 -13.811606407166 -13.515048027039 -13.25523853302 -13.046313285828 -12.853192329407 -12.564032554626 -12.188879966736 -12.130771636963 -11.913756370544 -11.383323669434 -10.664403915405 -9.7116689682007 -999 -999 -999 -999 -999 -999 -999 -999 -999 -999 -999 -999 -999 -999
-6.2855467796326 -6.1139731407166 -5.9750914573669 -5.887176990509 -5.8586564064026 -5.8898239135742 -5.9790906906128 -6.1211967468262 -6.3085398674011 -6.5305953025818 -6.7703227996826 -7.0165376663208 -7.2504301071167 -7.4465498924255 -7.5716013908386 -7.5783863067627 -7.6014266014099 -7.6827492713928 -7.7200455665588 -7.7235517501831 -7.902783870697 -8.6336994171143 -9.7665405273438 -10.813032150269 -10.909065246582 -11.13087272644 -11.710763931274 -12.447890281677 -13.282388687134 -14.174010276794 -15.021965026855 -15.723909378052 -16.258899688721 -16.710786819458 -16.193017959595 -15.512071609497 -14.880828857422 -14.362253189087 -13.942935943604 -13.586508750916 -13.290313720703 -13.074424743652 -12.945538520813 -12.889881134033 -12.615966796875 -12.505414009094 -12.350730895996 -11.773149490356 -999 -999 -999 -999 -999 -999 -999 -999 -999 -999 -999 -999 -999 -999 -999 -999
-6.2190952301025 -6.0684418678284 -5.9634156227112 -5.9158945083618 -5.9370174407959 -6.0237836837769 -6.1734766960144 -6.380588054657 -6.6379232406616 -6.9385166168213 -7.2696862220764 -7.6271057128906 -8.0021181106567 -8.3820629119873 -8.6411056518555 -8.4840698242188 -8.3202114105225 -8.2999219894409 -8.3597621917725 -8.508617401123 -8.8627443313599 -9.5477647781372 -10.487603187561 -11.319370269775 -11.60840511322 -11.819725990295 -12.216666221619 -12.787866592407 -13.473551750183 -14.243003845215 -15.019337654114 -15.671675682068 -16.005784988403 -16.266645431519 -16.024841308594 -15.507738113403 -14.964284896851 -14.46635723114 -14.017827987671 -13.61083984375 -13.266174316406 -13.023320198059 -12.878719329834 -12.817535400391 -12.725949287415 -999 -999 -999 -999 -999 -999 -999 -999 -999 -999 -999 -999 -999 -999 -999 -999 -999 -999 -999
-6.1626005172729 -6.0246996879578 -5.9418153762817 -5.9282126426697 -5.997209072113 -6.1424283981323 -6.3512811660767 -6.6172490119934 -6.9361367225647 -7.3051290512085 -7.7105102539063 -8.1499195098877 -8.6181488037109 -9.1017150878906 -9.4843511581421 -9.0745248794556 -8.842137336731 -8.8436765670776 -8.9613571166992 -9.193470954895 -9.5984125137329 -10.217807769775 -10.97857093811 -11.673726081848 -12.081956863403 -12.272169113159 -12.562984466553 -13.00333404541 -13.516758918762 -14.038787841797 -14.583300590515 -15.030117988586 -15.363398551941 -15.68093585968 -15.629024505615 -15.313940048218 -14.895212173462 -14.458686828613 -14.031384468079 -13.617909431458 -13.22215461731 -12.963135719299 -999 -999 -999 -999 -999 -999 -999 -999 -999 -999 -999 -999 -999 -999 -999 -999 -999 -999 -999 -999 -999 -999
-6.1091437339783 -5.9778366088867 -5.9056806564331 -5.9164562225342 -6.0317764282227 -6.2363772392273 -6.5059208869934 -6.8279590606689 -7.1985459327698 -7.6131529808044 -8.0650625228882 -8.5581750869751 -9.0635461807251 -9.4917993545532 -9.5907640457153 -9.1933259963989 -9.168251991272 -9.3039789199829 -9.4776887893677 -9.7380046844482 -10.131248474121 -10.681137084961 -11.352308273315 -12.062534332275 -12.555129051208 -12.521535873413 -12.763736724854 -13.111611366272 -13.472858428955 -13.732400894165 -14.071342468262 -14.541915893555 -14.946692466736 -15.247628211975 -15.249230384827 -15.043489456177 -14.728011131287 -14.366716384888 -13.996592521667 -13.645043373108 -13.335209846497 -13.029716491699 -999 -999 -999 -999 -999 -999 -999 -999 -999 -999 -999 -999 -999 -999 -999 -999 -999 -999 -999 -999 -999 -999
-6.0578064918518 -5.9276938438416 -5.8544321060181 -5.8695740699768 -6.0468330383301 -6.3114552497864 -6.6400036811829 -7.0105156898499 -7.4150614738464 -7.8516836166382 -8.3280305862427 -8.8375768661499 -9.3624238967896 -9.8442497253418 -10.058825492859 -9.7155227661133 -9.6363315582275 -9.7568960189819 -9.9194641113281 -10.151637077332 -10.490533828735 -10.958750724792 -11.551404953003 -12.208298683167 -12.665225028992 -12.753492355347 -12.920799255371 -13.159448623657 -13.394733428955 -13.596143722534 -13.846150398254 -14.225872993469 -14.638745307922 -14.914500236511 -14.889277458191 -14.741106033325 -14.502835273743 -14.207060813904 -13.891375541687 -13.59413433075 -13.339916229248 -999 -999 -999 -999 -999 -999 -999 -999 -999 -999 -999 -999 -999 -999 -999 -999 -999 -999 -999 -999 -999 -999 -999
-6.0384759902954 -5.9101219177246 -5.8357834815979 -5.8616132736206 -6.058539390564 -6.3782849311829 -6.7564172744751 -7.1670837402344 -7.5925121307373 -8.0322189331055 -8.4861640930176 -8.9638919830322 -9.4797706604004 -10.036878585815 -10.494453430176 -10.292014122009 -10.144352912903 -10.178639411926 -10.285039901733 -10.447550773621 -10.695736885071 -11.063755989075 -11.572707176208 -12.129264831543 -12.559844970703 -12.806034088135 -12.990498542786 -13.166033744812 -13.325904846191 -13.475920677185 -13.637908935547 -13.926019668579 -14.260419845581 -14.469548225403 -14.507303237915 -14.419816970825 -14.236479759216 -13.986190795898 -13.7055311203 -13.424181938171 -999 -999 -999 -999 -999 -999 -999 -999 -999 -999 -999 -999 -999 -999 -999 -999 -999 -999 -999 -999 -999 -999 -999 -999
-6.0610275268555 -5.9353518486023 -5.8550400733948 -5.8758153915405 -6.069375038147 -6.4331045150757 -6.8755784034729 -7.3220138549805 -7.749879360199 -8.1518287658691 -8.5407762527466 -8.9357147216797 -9.3874473571777 -9.8851318359375 -10.2138671875 -10.336968421936 -10.404044151306 -10.49242401123 -10.560234069824 -10.640692710876 -10.77391242981 -11.026878356934 -11.492450714111 -12.045066833496 -12.507888793945 -12.807604789734 -12.999443054199 -13.136171340942 -13.242515563965 -13.351230621338 -13.486604690552 -13.682793617249 -13.902535438538 -14.058920860291 -14.117856025696 -14.082503318787 -13.944184303284 -13.711062431335 -13.446737289429 -13.174803733826 -999 -999 -999 -999 -999 -999 -999 -999 -999 -999 -999 -999 -999 -999 -999 -999 -999 -999 -999 -999 -999 -999 -999 -999
-6.1571750640869 -6.0230813026428 -5.907799243927 -5.8638625144958 -6.0328831672668 -6.4971289634705 -7.0225305557251 -7.4930329322815 -7.90314245224 -8.2423830032349 -8.5179433822632 -8.7844381332397 -9.0923929214478 -9.454309463501 -9.8291187286377 -10.163657188416 -10.465143203735 -10.71545124054 -10.744281768799 -10.772691726685 -10.818328857422 -10.880550384521 -11.418187141418 -12.033734321594 -12.533975601196 -12.837999343872 -12.997714996338 -13.074284553528 -13.127355575562 -13.195171356201 -13.29024887085 -13.419713020325 -13.559852600098 -13.66742515564 -13.719320297241 -13.710836410522 -13.607129096985 -13.377140045166 -13.126267433167 -12.868543624878 -999 -999 -999 -999 -999 -999 -999 -999 -999 -999 -999 -999 -999 -999 -999 -999 -999 -999 -999 -999 -999 -999 -999 -999
-6.3472409248352 -6.2049169540405 -6.0602717399597 -5.9177355766296 -5.9381375312805 -6.6663928031921 -7.2608418464661 -7.6933989524841 -8.0655183792114 -8.3416891098022 -8.4696378707886 -8.5451631546021 -8.6936616897583 -8.9182415008545 -9.3936967849731 -9.9039325714111 -10.358213424683 -10.681423187256 -10.804857254028 -10.870728492737 -10.951407432556 -11.134366035461 -11.58966255188 -12.17026424408 -12.663829803467 -12.92053604126 -12.980695724487 -12.965480804443 -12.95627784729 -12.978147506714 -13.030666351318 -13.114415168762 -13.206191062927 -13.274575233459 -13.300530433655 -13.271953582764 -13.164127349854 -12.977637290955 -12.754353523254 -999 -999 -999 -999 -999 -999 -999 -999 -999 -999 -999 -999 -999 -999 -999 -999 -999 -999 -999 -999 -999 -999 -999 -999 -999
-6.6275057792664 -6.4971041679382 -6.3738880157471 -6.2871909141541 -6.4143371582031 -7.0156145095825 -7.531298160553 -7.8827013969421 -8.2108812332153 -8.4308567047119 -8.3564319610596 -8.2021703720093 -8.255542755127 -8.5207233428955 -9.0315065383911 -9.6543426513672 -10.20712184906 -10.583698272705 -10.795055389404 -10.936128616333 -11.094646453857 -11.359003067017 -11.791937828064 -12.351481437683 -12.875457763672 -13.039395332336 -12.893177986145 -12.770322799683 -12.712887763977 -12.697937965393 -12.713325500488 -12.773078918457 -12.839447021484 -12.876905441284 -12.872778892517 -12.818139076233 -12.704742431641 -12.541242599487 -999 -999 -999 -999 -999 -999 -999 -999 -999 -999 -999 -999 -999 -999 -999 -999 -999 -999 -999 -999 -999 -999 -999 -999 -999 -999
-6.9594860076904 -6.8667602539063 -6.7977247238159 -6.8012800216675 -6.9665455818176 -7.3220739364624 -7.7024230957031 -8.0102157592773 -8.2544832229614 -8.297173500061 -7.9595732688904 -7.7385416030884 -7.7869534492493 -8.0437870025635 -8.6815090179443 -9.4974040985107 -10.153319358826 -10.547242164612 -10.775953292847 -10.949207305908 -11.142812728882 -11.420578956604 -11.822494506836 -12.364122390747 -13.06139755249 -12.949517250061 -12.573111534119 -12.440403938293 -12.391708374023 -12.37264919281 -12.361876487732 -12.421506881714 -12.470934867859 -12.481067657471 -12.444289207458 -12.363128662109 -12.241937637329 -12.091577529907 -999 -999 -999 -999 -999 -999 -999 -999 -999 -999 -999 -999 -999 -999 -999 -999 -999 -999 -999 -999 -999 -999 -999 -999 -999 -999
-7.3014421463013 -7.2630023956299 -7.242883682251 -7.2727880477905 -7.3972020149231 -7.6222114562988 -7.8808212280273 -8.1061105728149 -8.2412576675415 -8.1768474578857 -7.7415390014648 -7.4834418296814 -7.4840083122253 -7.4960784912109 -8.4077520370483 -9.5400772094727 -10.269779205322 -10.560411453247 -10.734658241272 -10.89218044281 -11.075927734375 -11.321273803711 -11.644068717957 -12.02089881897 -12.30971622467 -12.09619808197 -11.969885826111 -12.003583908081 -12.018569946289 -12.029235839844 -12.047916412354 -12.085103034973 -12.110632896423 -12.090353965759 -12.017399787903 -11.906157493591 -11.770867347717 -11.62539768219 -999 -999 -999 -999 -999 -999 -999 -999 -999 -999 -999 -999 -999 -999 -999 -999 -999 -999 -999 -999 -999 -999 -999 -999 -999 -999
-7.6147360801697 -7.6467890739441 -7.6592774391174 -7.6656279563904 -7.7412610054016 -7.8874096870422 -8.0638780593872 -8.2181882858276 -8.3074254989624 -8.3066883087158 -8.077579498291 -7.7836565971375 -7.6907258033752 -7.8247380256653 -8.5781660079956 -9.7057313919067 -10.378425598145 -10.506049156189 -10.627995491028 -10.763789176941 -10.92347240448 -11.108840942383 -11.325710296631 -11.533745765686 -11.640147209167 -11.557548522949 -11.523760795593 -11.58399772644 -11.633516311646 -11.666576385498 -11.702930450439 -11.741325378418 -11.75576877594 -11.706353187561 -11.586742401123 -11.43493938446 -11.281668663025 -999 -999 -999 -999 -999 -999 -999 -999 -999 -999 -999 -999 -999 -999 -999 -999 -999 -999 -999 -999 -999 -999 -999 -999 -999 -999 -999
-7.8487076759338 -7.9429116249084 -7.9753437042236 -7.9559478759766 -8.0074605941772 -8.1113567352295 -8.2378883361816 -8.3515872955322 -8.4233131408691 -8.4272937774658 -8.3174200057983 -8.177791595459 -8.1614274978638 -8.3710842132568 -8.9021596908569 -9.6036815643311 -10.107433319092 -10.320363044739 -10.437773704529 -10.577229499817 -10.726028442383 -10.854515075684 -10.971466064453 -11.076496124268 -11.144136428833 -11.153224945068 -11.170120239258 -11.213534355164 -11.260779380798 -11.296908378601 -11.331479072571 -11.373991966248 -11.404036521912 -11.332302093506 -11.138235092163 -10.931011199951 -10.758263587952 -999 -999 -999 -999 -999 -999 -999 -999 -999 -999 -999 -999 -999 -999 -999 -999 -999 -999 -999 -999 -999 -999 -999 -999 -999 -999 -999
-7.9795141220093 -8.0475664138794 -8.1005001068115 -8.1340913772583 -8.1969375610352 -8.2898397445679 -8.3980865478516 -8.5000915527344 -8.5768156051636 -8.6127052307129 -8.5913524627686 -8.5592346191406 -8.6039934158325 -8.7872257232666 -9.1325302124023 -9.562126159668 -9.9231386184692 -10.134511947632 -10.226398468018 -10.40025806427 -10.556392669678 -10.638800621033 -10.653186798096 -10.656230926514 -10.720586776733 -10.786708831787 -10.832802772522 -10.876417160034 -10.902141571045 -10.912935256958 -10.922508239746 -10.948853492737 -11.012603759766 -10.936943054199 -10.613228797913 -10.366418838501 -10.196504592896 -999 -999 -999 -999 -999 -999 -999 -999 -999 -999 -999 -999 -999 -999 -999 -999 -999 -999 -999 -999 -999 -999 -999 -999 -999 -999 -999
-8.0325241088867 -8.0951833724976 -8.1613330841064 -8.2324390411377 -8.3198747634888 -8.4250497817993 -8.5403699874878 -8.6542692184448 -8.7574939727783 -8.8392353057861 -8.8886213302612 -8.921124458313 -8.978590965271 -9.0996656417847 -9.3086366653442 -9.5850257873535 -9.854193687439 -10.053879737854 -10.196921348572 -10.345255851746 -10.474495887756 -10.532850265503 -10.439562797546 -10.25478553772 -10.412668228149 -10.508171081543 -10.561760902405 -10.580065727234 -10.564600944519 -10.523445129395 -10.469401359558 -10.413861274719 -10.362575531006 -10.211005210876 -9.9512557983398 -9.7565679550171 -9.618185043335 -999 -999 -999 -999 -999 -999 -999 -999 -999 -999 -999 -999 -999 -999 -999 -999 -999 -999 -999 -999 -999 -999 -999 -999 -999 -999 -999
-8.0283117294312 -8.0977878570557 -8.1801710128784 -8.2763833999634 -8.3927516937256 -8.5223741531372 -8.6602945327759 -8.8020353317261 -8.9454870223999 -9.0797309875488 -9.1901502609253 -9.2637596130371 -9.3024044036865 -9.3373756408691 -9.4345693588257 -9.6241130828857 -9.8529224395752 -10.064399719238 -10.234454154968 -10.371401786804 -10.467473983765 -10.54657459259 -10.597612380981 -10.339127540588 -10.336754798889 -10.368852615356 -10.367595672607 -10.328768730164 -10.259718894958 -10.15546131134 -10.020416259766 -9.8456039428711 -9.6232528686523 -9.3734149932861 -9.2129421234131 -9.1582021713257 -999 -999 -999 -999 -999 -999 -999 -999 -999 -999 -999 -999 -999 -999 -999 -999 -999 -999 -999 -999 -999 -999 -999 -999 -999 -999 -999 -999
-7.9814720153809 -8.0617780685425 -8.1618328094482 -8.2810049057007 -8.4198541641235 -8.5762119293213 -8.746654510498 -8.9247789382935 -9.1142768859863 -9.3103542327881 -9.4844284057617 -9.5987424850464 -9.6021747589111 -9.5110235214233 -9.4853172302246 -9.6330919265747 -9.8744211196899 -10.11252117157 -10.301072120667 -10.431476593018 -10.552822113037 -10.713458061218 -10.743660926819 -10.518181800842 -10.387147903442 -10.309283256531 -10.225749015808 -10.121983528137 -9.989239692688 -9.8231563568115 -9.6116828918457 -9.3357591629028 -8.9776678085327 -8.5608463287354 -999 -999 -999 -999 -999 -999 -999 -999 -999 -999 -999 -999 -999 -999 -999 -999 -999 -999 -999 -999 -999 -999 -999 -999 -999 -999 -999 -999 -999 -999
-7.8939061164856 -7.9889283180237 -8.1077547073364 -8.2494831085205 -8.4102993011475 -8.591459274292 -8.7914810180664 -9.0071926116943 -9.2383241653442 -9.4963245391846 -9.7538480758667 -9.9516344070435 -9.930757522583 -9.624608039856 -9.4022130966187 -9.5905799865723 -9.9042186737061 -10.192226409912 -10.371774673462 -10.503549575806 -10.608664512634 -10.687653541565 -10.674927711487 -10.54506111145 -10.394932746887 -10.257155418396 -10.118165016174 -9.957293510437 -9.7617959976196 -9.5515203475952 -9.2932643890381 -8.9748287200928 -8.5904245376587 -999 -999 -999 -999 -999 -999 -999 -999 -999 -999 -999 -999 -999 -999 -999 -999 -999 -999 -999 -999 -999 -999 -999 -999 -999 -999 -999 -999 -999 -999 -999
-7.7677774429321 -7.8786602020264 -8.0161018371582 -8.1782035827637 -8.3603839874268 -8.5627288818359 -8.7871561050415 -9.0323715209961 -9.2979078292847 -9.5984926223755 -9.9291372299194 -10.273773193359 -10.411434173584 -9.5932579040527 -9.2314224243164 -9.5200147628784 -9.9378023147583 -10.298590660095 -10.43536567688 -10.542001724243 -10.617813110352 -10.654364585876 -10.623936653137 -10.517407417297 -10.373026847839 -10.210461616516 -10.032148361206 -9.832555770874 -9.6030941009521 -9.3590049743652 -9.0822877883911 -8.7712745666504 -999 -999 -999 -999 -999 -999 -999 -999 -999 -999 -999 -999 -999 -999 -999 -999 -999 -999 -999 -999 -999 -999 -999 -999 -999 -999 -999 -999 -999 -999 -999 -999
-7.604968547821 -7.7324361801147 -7.8885908126831 -8.0683450698853 -8.2683734893799 -8.4882106781006 -8.7277822494507 -8.9879693984985 -9.2680158615112 -9.581184387207 -9.9194211959839 -10.258682250977 -10.351043701172 -9.428126335144 -9.1094408035278 -9.501856803894 -9.9281625747681 -10.25968170166 -10.437491416931 -10.545266151428 -10.609719276428 -10.62663936615 -10.580904960632 -10.477001190186 -10.328839302063 -10.152124404907 -9.952938079834 -9.731104850769 -9.4869117736816 -9.234769821167 -8.9640741348267 -8.6808204650879 -999 -999 -999 -999 -999 -999 -999 -999 -999 -999 -999 -999 -999 -999 -999 -999 -999 -999 -999 -999 -999 -999 -999 -999 -999 -999 -999 -999 -999 -999 -999 -999
-7.408504486084 -7.5530586242676 -7.7261877059937 -7.9209251403809 -8.135272026062 -8.3676042556763 -8.615198135376 -8.8790969848633 -9.1576652526855 -9.4530429840088 -9.7368478775024 -9.9389352798462 -9.8932237625122 -9.5459508895874 -9.3865613937378 -9.6109638214111 -9.931791305542 -10.212799072266 -10.41023349762 -10.532669067383 -10.597666740417 -10.600384712219 -10.541570663452 -10.429211616516 -10.272939682007 -10.085566520691 -9.8723020553589 -9.6415710449219 -9.3923368453979 -9.1433868408203 -8.8852348327637 -999 -999 -999 -999 -999 -999 -999 -999 -999 -999 -999 -999 -999 -999 -999 -999 -999 -999 -999 -999 -999 -999 -999 -999 -999 -999 -999 -999 -999 -999 -999 -999 -999
-7.180805683136 -7.3444361686707 -7.5328106880188 -7.7409796714783 -7.9664044380188 -8.2058620452881 -8.4597015380859 -8.7227926254272 -8.9853591918945 -9.2534084320068 -9.4884195327759 -9.6383972167969 -9.6532926559448 -9.5711364746094 -9.5708484649658 -9.7250261306763 -9.963020324707 -10.197100639343 -10.387968063354 -10.51817035675 -10.582096099854 -10.573281288147 -10.500122070313 -10.373502731323 -10.205997467041 -10.008165359497 -9.7885026931763 -9.5529127120972 -9.3084230422974 -9.0656175613403 -999 -999 -999 -999 -999 -999 -999 -999 -999 -999 -999 -999 -999 -999 -999 -999 -999 -999 -999 -999 -999 -999 -999 -999 -999 -999 -999 -999 -999 -999 -999 -999 -999 -999
-6.9281477928162 -7.1103138923645 -7.314519405365 -7.5350532531738 -7.7692785263062 -8.0154657363892 -8.2708463668823 -8.5270166397095 -8.7773332595825 -9.0250701904297 -9.2388639450073 -9.3920249938965 -9.475697517395 -9.5262413024902 -9.6161584854126 -9.7730388641357 -9.9772176742554 -10.180986404419 -10.36013507843 -10.498339653015 -10.564214706421 -10.540518760681 -10.446161270142 -10.300493240356 -10.12171459198 -9.9178352355957 -9.6948070526123 -9.4581518173218 -9.2235746383667 -999 -999 -999 -999 -999 -999 -999 -999 -999 -999 -999 -999 -999 -999 -999 -999 -999 -999 -999 -999 -999 -999 -999 -999 -999 -999 -999 -999 -999 -999 -999 -999 -999 -999 -999
-6.6554894447327 -6.8578305244446 -7.0781888961792 -7.3111305236816 -7.5532698631287 -7.8061022758484 -8.0609655380249 -8.3113317489624 -8.5527896881104 -8.7901639938354 -8.9997968673706 -9.1703081130981 -9.2994289398193 -9.4243774414063 -9.5664014816284 -9.7434196472168 -9.9395961761475 -10.130885124207 -10.304902076721 -10.455080032349 -10.536870002747 -10.489164352417 -10.358328819275 -10.192336082458 -10.009469032288 -9.8062343597412 -9.5840311050415 -9.35560131073 -999 -999 -999 -999 -999 -999 -999 -999 -999 -999 -999 -999 -999 -999 -999 -999 -999 -999 -999 -999 -999 -999 -999 -999 -999 -999 -999 -999 -999 -999 -999 -999 -999 -999 -999 -999
-6.3727540969849 -6.5961503982544 -6.8329515457153 -7.0794358253479 -7.3313331604004 -7.5868515968323 -7.840537071228 -8.0856533050537 -8.3218021392822 -8.5533485412598 -8.7651166915894 -8.9466018676758 -9.1099910736084 -9.2666788101196 -9.4399538040161 -9.6374673843384 -9.8312349319458 -10.003348350525 -10.174067497253 -10.340717315674 -10.473672866821 -10.363166809082 -10.191180229187 -10.026970863342 -9.8565740585327 -9.6632928848267 -9.4513778686523 -999 -999 -999 -999 -999 -999 -999 -999 -999 -999 -999 -999 -999 -999 -999 -999 -999 -999 -999 -999 -999 -999 -999 -999 -999 -999 -999 -999 -999 -999 -999 -999 -999 -999 -999 -999 -999
-6.0941605567932 -6.3397488594055 -6.5926427841187 -6.8501739501953 -7.1082739830017 -7.3648052215576 -7.616548538208 -7.8592286109924 -8.0888996124268 -8.3174171447754 -8.5263710021973 -8.7167119979858 -8.8889122009277 -9.0570917129517 -9.2352542877197 -9.4345979690552 -9.6194353103638 -9.7452526092529 -9.9109811782837 -10.083483695984 -10.131381034851 -10.025220870972 -9.8950319290161 -9.7825155258179 -9.6528978347778 -9.4873561859131 -9.2956085205078 -999 -999 -999 -999 -999 -999 -999 -999 -999 -999 -999 -999 -999 -999 -999 -999 -999 -999 -999 -999 -999 -999 -999 -999 -999 -999 -999 -999 -999 -999 -999 -999 -999 -999 -999 -999 -999
