all/datos/01-EFM-Pronostico-de-Enero-2021-Lluvia/01_Enero/GRDS/01_2021_Anom.grd
DSAA
390 228
-118.47924025641 -86.14575974359
14.037283991228 32.871016008772
-999 28.891662597656
[rows 87 to 115 of 228, columns 128 to 191 of 390]
-999 -999 -999 -999 -999 -999 -999 -999 -999 -999 -999 -999 -999 -999 -999 -999 -999 -999 -999 -999 -999 -999 -999 -999 -999 -999 -999 -999 -999 -999 -999 -999 -19.092252731323 -19.192335128784 -19.742584228516 -20.656698226929 -21.228487014771 -21.507946014404 -21.482751846313 -21.417636871338 -21.536548614502 -21.809164047241 -22.021266937256 -21.705667495728 -21.461421966553 -21.226705551147 -21.013051986694 -20.881502151489 -20.76665687561 -20.613975524902 -20.411743164063 -20.097438812256 -19.178497314453 -18.099899291992 -17.040019989014 -16.370241165161 -15.7058801651 -15.664093017578 -16.042953491211 -16.251153945923 -16.295387268066 -16.103319168091 -6 -6
-999 -999 -999 -999 -999 -999 -999 -999 -999 -999 -999 -999 -999 -999 -999 -999 -999 -999 -999 -999 -999 -999 -999 -999 -999 -999 -999 -999 -999 -999 -999 -999 -18.872497558594 -19.013931274414 -19.46876335144 -20.726648330688 -21.352252960205 -21.63117980957 -21.348134994507 -21.16460609436 -21.451620101929 -21.840835571289 -22.247423171997 -22.634826660156 -22.286207199097 -21.9338722229 -21.561519622803 -21.408576965332 -21.244939804077 -21.02921295166 -20.727849960327 -20.261915206909 -19.656965255737 -18.779706954956 -17.804401397705 -16.996923446655 -16.239250183105 -16.033237457275 -16.208080291748 -16.442735671997 -16.625310897827 -16.470640182495 -6 -6
-999 -999 -999 -999 -999 -999 -999 -999 -999 -999 -999 -999 -999 -999 -999 -999 -999 -999 -999 -999 -999 -999 -999 -999 -999 -999 -999 -999 -999 -999 -999 -999 -18.709098815918 -19.048372268677 -19.67343711853 -20.548921585083 -21.26665687561 -21.540693283081 -21.228651046753 -21.06449508667 -21.443519592285 -21.881631851196 -22.273208618164 -22.62652015686 -22.90411567688 -22.793983459473 -22.4030418396 -22.090616226196 -21.803270339966 -21.485927581787 -21.113428115845 -20.682769775391 -20.245122909546 -19.551189422607 -18.455221176147 -17.443243026733 -16.733758926392 -16.53275680542 -16.385406494141 -16.441932678223 -16.495750427246 -16.322595596313 -16.036195755005 -6
-999 -999 -999 -999 -999 -999 -999 -999 -999 -999 -999 -999 -999 -999 -999 -999 -999 -24.276750564575 -999 -999 -999 -999 -999 -999 -999 -999 -999 -999 -999 -999 -999 -999 -18.466054916382 -18.988754272461 -19.652574539185 -20.360694885254 -20.906455993652 -21.094381332397 -21.121610641479 -21.236034393311 -21.550134658813 -21.941074371338 -22.312076568604 -22.640832901001 -22.904098510742 -23.068605422974 -23.12060546875 -22.830135345459 -22.418350219727 -21.985172271729 -21.511854171753 -21.008007049561 -20.56040763855 -19.916210174561 -18.515827178955 -17.398277282715 -16.771347045898 -16.45965385437 -16.378311157227 -16.330137252808 -16.27806854248 -16.105602264404 -15.764946937561 -6
-999 -999 -999 -999 -999 -999 -999 -999 -999 -999 -999 -999 -999 -999 -999 -999 -23.992834091187 -999 -999 -999 -999 -999 -999 -999 -999 -999 -999 -999 -999 -999 -18.997779846191 -18.132129669189 -18.117990493774 -18.686933517456 -19.505887985229 -20.057682037354 -20.472972869873 -20.716501235962 -20.983678817749 -21.318998336792 -21.68169593811 -22.049055099487 -22.384271621704 -22.694490432739 -22.955549240112 -23.120422363281 -23.169771194458 -23.097732543945 -22.894428253174 -22.492444992065 -21.894683837891 -21.235597610474 -20.499862670898 -19.342987060547 -17.88969039917 -17.026077270508 -16.561477661133 -16.283052444458 -16.181873321533 -16.131296157837 -16.047548294067 -15.902487754822 -15.602807044983 -15.262112617493
-999 -999 -999 -999 -999 -999 -999 -999 -999 -999 -999 -999 -999 -999 -999 -23.685926437378 -999 -999 -999 -999 -999 -999 -999 -999 -999 -999 -999 -999 -999 -20.88537979126 -19.316831588745 -18.142351150513 -17.630990982056 -18.028860092163 -19.176937103271 -19.608915328979 -20.112106323242 -20.554328918457 -20.996105194092 -21.446453094482 -21.859861373901 -22.2317237854 -22.523513793945 -22.812572479248 -23.080787658691 -23.236625671387 -23.273962020874 -23.186752319336 -22.959533691406 -22.564826965332 -21.981729507446 -21.196369171143 -20.187307357788 -18.926204681396 -17.497846603394 -16.784479141235 -16.370344161987 -16.023571014404 -15.88249874115 -15.844609260559 -15.722616195679 -15.61375617981 -15.448224067688 -15.128258705139
-999 -999 -999 -999 -999 -999 -999 -999 -999 -999 -999 -999 -999 -999 -999 -999 -999 -999 -999 -999 -999 -999 -999 -999 -999 -999 -999 -999 -999 -22.036470413208 -20.133893966675 -999 -17.102462768555 -17.058294296265 -18.021486282349 -19.031814575195 -19.872552871704 -20.588794708252 -21.17845916748 -21.669847488403 -22.133678436279 -22.537725448608 -22.836853027344 -23.088346481323 -23.300889968872 -23.421312332153 -23.435472488403 -23.333320617676 -23.099264144897 -22.684999465942 -22.043973922729 -21.191347122192 -20.137935638428 -18.931558609009 -17.760509490967 -16.944887161255 -16.415874481201 -15.880516052246 -15.479668617249 -15.453545570374 -15.279800415039 -15.1241979599 -15.124485969543 -14.932313919067
-999 -999 -999 -999 -999 -999 -999 -999 -999 -999 -999 -999 -999 -999 -999 -999 -999 -999 -999 -999 -999 -999 -999 -999 -999 -999 -999 -999 -24.964473724365 -23.609758377075 -21.191244125366 -18.787050247192 -16.932531356812 -999 -17.55125617981 -18.726903915405 -19.826992034912 -20.777721405029 -21.500295639038 -22.011350631714 -22.55464553833 -22.993244171143 -23.264476776123 -23.453908920288 -23.59090423584 -23.657068252563 -23.641315460205 -23.528688430786 -23.300888061523 -22.913013458252 -22.230432510376 -21.369728088379 -20.335943222046 -19.194190979004 -18.125852584839 -17.324728012085 -16.772977828979 -16.233999252319 -15.719195365906 -15.421653747559 -15.139093399048 -14.467664718628 -13.968329429626 -14.428912162781
-999 -999 -999 -999 -999 -999 -999 -999 -999 -999 -999 -999 -999 -999 -999 -999 -999 -999 -999 -999 -999 -999 -999 -999 -999 -999 -999 -999 -26.238389968872 -24.956262588501 -22.034845352173 -19.479225158691 -17.623308181763 -17.055265426636 -17.734302520752 -18.843601226807 -20.014629364014 -21.057737350464 -21.906705856323 -22.58810043335 -23.207414627075 -23.562955856323 -23.737617492676 -23.843084335327 -23.899259567261 -23.911695480347 -23.866577148438 -23.745359420776 -23.513584136963 -23.118696212769 -22.509359359741 -21.707820892334 -20.743223190308 -19.680101394653 -18.600326538086 -17.844404220581 -17.359413146973 -16.877460479736 -16.124948501587 -15.49647808075 -15.254343986511 -14.321600914001 -13.552289962769 -14.223612785339
-999 -999 -999 -999 -999 -999 -999 -999 -999 -999 -999 -999 -999 -999 -999 -999 -999 -999 -999 -999 -999 -999 -999 -999 -999 -999 -999 -28.742656707764 -28.733095169067 -27.281044006348 -22.28639793396 -20.010454177856 -18.378559112549 -17.942825317383 -18.499521255493 -19.443548202515 -20.500642776489 -21.534872055054 -22.436786651611 -23.190746307373 -23.794099807739 -24.090690612793 -24.187591552734 -24.212509155273 -24.197622299194 -24.154106140137 -24.084516525269 -23.965522766113 -23.753971099854 -23.40664100647 -22.882482528687 -22.16961479187 -21.288944244385 -20.326141357422 -19.39169883728 -18.65576171875 -18.038194656372 -17.359119415283 -16.463237762451 -15.452772140503 -14.78933429718 -14.395007133484 -14.073391914368 -15.003373146057
-999 -999 -999 -999 -999 -999 -999 -999 -999 -999 -999 -999 -999 -999 -999 -999 -999 -999 -999 -999 -999 -999 -999 -999 -999 -999 -999 -27.799709320068 -28.163345336914 -26.778732299805 -24.812824249268 -22.657962799072 -21.118057250977 -19.01704788208 -19.560482025146 -20.372930526733 -21.291614532471 -22.230573654175 -23.094203948975 -23.824823379517 -24.343717575073 -24.568714141846 -24.583755493164 -24.520503997803 -24.439771652222 -24.35729598999 -24.271537780762 -24.1728515625 -24.010847091675 -23.747299194336 -23.335376739502 -22.722650527954 -21.904830932617 -20.996803283691 -20.176597595215 -19.525577545166 -18.736753463745 -17.875442504883 -16.938402175903 -15.989826202393 -15.326420783997 -15.106171607971 -15.293524742126 -15.88028717041
-999 -999 -999 -999 -999 -999 -999 -999 -999 -999 -999 -999 -999 -999 -999 -999 -999 -999 -999 -999 -999 -999 -999 -999 -999 -999 -999 -26.780857086182 -27.447902679443 -26.537014007568 -25.108758926392 -23.576978683472 -22.500198364258 -22.700798034668 -23.171649932861 -23.91819190979 -24.762643814087 -23.06657409668 -23.832168579102 -24.520246505737 -24.994358062744 -25.053506851196 -24.905450820923 -24.732032775879 -24.587293624878 -24.476875305176 -24.395439147949 -24.32873916626 -24.238046646118 -24.085067749023 -23.822841644287 -23.343029022217 -22.519559860229 -21.519342422485 -20.690902709961 -20.059190750122 -19.306270599365 -18.438667297363 -17.546714782715 -16.687433242798 -16.028137207031 -15.776853561401 -16.010286331177 -16.714614868164
-999 -999 -999 -999 -999 -999 -999 -999 -999 -999 -999 -999 -999 -999 -999 -999 -999 -999 -999 -999 -999 -999 -999 -999 -999 -999 -999 -25.877925872803 -26.61155128479 -26.383178710938 -25.656940460205 -25.07213973999 -24.724412918091 -24.721389770508 -24.943910598755 -25.371246337891 -25.949043273926 -26.59321975708 -27.269384384155 -27.942964553833 -28.59189414978 -25.40838432312 -25.069755554199 -24.806520462036 -24.61217880249 -24.483600616455 -24.416233062744 -24.393178939819 -24.377817153931 -24.332788467407 -24.240552902222 -24.019348144531 -23.091297149658 -21.730741500854 -20.898500442505 -20.274908065796 -19.662208557129 -18.978668212891 -18.159801483154 -17.304334640503 -16.527393341064 -16.036623001099 -16.028291702271 -16.224897384644
-999 -999 -999 -999 -999 -999 -999 -999 -999 -999 -999 -999 -999 -999 -999 -999 -999 -999 -999 -999 -999 -999 -999 -999 -999 -999 -999 -25.203870773315 -25.799369812012 -26.067300796509 -26.122880935669 -26.534879684448 -26.804920196533 -26.767551422119 -26.693044662476 -26.811069488525 -27.099195480347 -27.486780166626 -27.91188621521 -28.304107666016 -28.481039047241 -28.17476272583 -27.799242019653 -24.724523544312 -24.498666763306 -24.35849571228 -24.310503005981 -24.338850021362 -24.392238616943 -24.39900970459 -24.340496063232 -24.256597518921 -23.216426849365 -21.567792892456 -21.029216766357 -20.517211914063 -20.071718215942 -19.572019577026 -18.736392974854 -17.765005111694 -16.731939315796 -15.860097885132 -15.625226020813 -15.370361328125
-999 -999 -999 -999 -999 -999 -999 -999 -999 -999 -999 -999 -999 -999 -999 -999 -999 -999 -999 -999 -999 -999 -999 -999 -999 -999 -24.507873535156 -24.67368888855 -25.000984191895 -25.452535629272 -26.202722549438 -27.43071937561 -28.627563476563 -28.483980178833 -28.150604248047 -28.056997299194 -28.122203826904 -28.268659591675 -28.425224304199 -28.506183624268 -28.38883972168 -28.031444549561 -27.624008178711 -27.252149581909 -26.959802627563 -26.777303695679 -26.740756988525 -26.849702835083 -26.995485305786 -24.307195663452 -24.076515197754 -23.542659759521 -22.661687850952 -21.782974243164 -21.289949417114 -20.995641708374 -20.817811965942 -20.259979248047 -19.237775802612 -18.078113555908 -16.901268005371 -15.901058197021 -15.186925888062 -14.522569656372
-999 -999 -999 -999 -999 -999 -999 -999 -999 -999 -999 -999 -999 -999 -999 -999 -999 -999 -999 -999 -999 -999 -999 -999 -999 -999 -24.535217285156 -24.644632339478 -24.718061447144 -24.805702209473 -25.888746261597 -27.402168273926 -28.839414596558 -29.240259170532 -29.138734817505 -29.035577774048 -28.979850769043 -28.943470001221 -28.879335403442 -28.726764678955 -28.428701400757 -27.973922729492 -27.437156677246 -26.982608795166 -26.623670578003 -26.340784072876 -26.297958374023 -26.534549713135 -26.842571258545 -26.946363449097 -23.862668991089 -22.893659591675 -22.029531478882 -21.696592330933 -21.430891036987 -21.232851028442 -21.134870529175 -20.605237960815 -19.511682510376 -18.224662780762 -17.03472328186 -15.910533905029 -14.729976654053 -13.687068939209
-999 -999 -999 -999 -999 -999 -999 -999 -999 -999 -999 -999 -999 -999 -999 -999 -999 -999 -999 -999 -999 -999 -999 -999 -999 -24.632858276367 -999 -25.236841201782 -25.154357910156 -25.016141891479 -25.548490524292 -27.400709152222 -28.870351791382 -29.608520507813 -29.82696723938 -29.816053390503 -29.709690093994 -29.543439865112 -29.30987739563 -28.984264373779 -28.547479629517 -28.000774383545 -27.386529922485 -26.832181930542 -26.327651977539 -25.828428268433 -25.681427001953 -26.123434066772 -26.666913986206 -27.106594085693 -26.801725387573 -25.480386734009 -24.35422706604 -24.126865386963 -23.728343963623 -23.332242965698 -23.076068878174 -22.696588516235 -21.412040710449 -17.940784454346 -16.729202270508 -15.498435974121 -14.059619903564 -12.792904853821
-999 -999 -999 -999 -999 -999 -999 -999 -999 -999 -999 -999 -999 -999 -999 -999 -999 -999 -999 -999 -999 -999 -999 -999 -999 -25.131036758423 -25.766002655029 -25.915906906128 -26.034238815308 -26.344203948975 -27.105218887329 -28.373733520508 -29.50959777832 -30.2230052948 -30.524234771729 -30.542238235474 -30.383573532104 -30.105779647827 -29.730930328369 -29.263965606689 -28.710668563843 -28.086799621582 -27.426984786987 -26.784000396729 -26.17960357666 -25.604873657227 -25.351058959961 -25.660051345825 -26.28434753418 -27.090335845947 -27.606330871582 -26.505670547485 -25.120418548584 -24.066732406616 -23.188575744629 -22.508995056152 -22.042671203613 -21.53084564209 -20.40567779541 -19.120504379272 -17.70880317688 -16.19157409668 -13.146879196167 -11.801182746887
-999 -999 -999 -999 -999 -999 -999 -999 -999 -999 -999 -999 -999 -999 -999 -999 -999 -999 -999 -999 -999 -999 -999 -999 -25.011381149292 -25.687860488892 -26.094926834106 -26.629474639893 -27.258863449097 -27.978567123413 -28.859577178955 -29.820947647095 -30.631502151489 -31.15521812439 -31.368719100952 -31.316221237183 -31.062479019165 -30.661661148071 -30.148511886597 -29.547672271729 -28.88157081604 -28.173641204834 -27.456510543823 -26.768423080444 -26.137302398682 -25.590238571167 -25.182762145996 -25.016218185425 -25.496095657349 -26.06395149231 -26.401878356934 -26.275362014771 -24.944078445435 -23.230617523193 -21.989126205444 -21.143175125122 -20.479774475098 -19.826656341553 -19.047927856445 -18.005773544312 -16.593826293945 -15.049604415894 -13.500429153442 -12.085084915161
-999 -999 -999 -999 -999 -999 -999 -999 -999 -999 -999 -999 -999 -999 -999 -999 -999 -999 -999 -999 -999 -999 -24.485551834106 -24.800512313843 -25.252170562744 -25.743249893188 -26.538877487183 -27.584602355957 -28.70777130127 -29.782150268555 -30.73957824707 -31.52255821228 -32.05827331543 -32.336528778076 -32.377788543701 -32.17444229126 -31.771785736084 -31.218444824219 -30.553867340088 -29.810970306396 -29.021478652954 -28.215906143188 -27.428298950195 -26.69345664978 -26.056869506836 -25.537010192871 -25.074100494385 -24.60563659668 -24.483139038086 -24.500551223755 -24.482753753662 -24.253183364868 -23.203113555908 -21.584344863892 -20.261650085449 -19.461511611938 -18.667234420776 -17.945539474487 -17.398069381714 -16.719814300537 -15.326731681824 -13.847595214844 -12.356310844421 -11.048132896423
-999 -999 -999 -999 -999 -999 -999 -999 -999 -999 -999 -999 -999 -999 -999 -999 -999 -999 -999 -999 -999 -999 -24.910919189453 -24.955263137817 -25.120719909668 -25.894466400146 -27.152379989624 -28.78116607666 -30.453304290771 -31.828384399414 -32.800899505615 -33.414443969727 -33.707942962646 -33.72925567627 -33.526573181152 -33.10697555542 -32.506526947021 -31.767332077026 -30.928527832031 -30.027103424072 -29.09694480896 -28.173463821411 -27.28630065918 -26.474699020386 -25.786865234375 -25.266035079956 -24.951234817505 -24.049182891846 -23.269557952881 -22.636796951294 -22.091018676758 -21.56413269043 -20.792486190796 -19.712882995605 -18.672090530396 -17.815048217773 -16.883069992065 -15.912305831909 -15.590657234192 -14.979626655579 -13.956302642822 -12.692279815674 -11.307234764099 -10.092572212219
-999 -999 -999 -999 -999 -999 -999 -999 -999 -999 -999 -999 -999 -999 -999 -999 -999 -999 -999 -999 -999 -25.255582809448 -25.271553039551 -25.049716949463 -25.171167373657 -26.458375930786 -28.086647033691 -30.394668579102 -32.63655090332 -34.235832214355 -35.102424621582 -35.487342834473 -35.514713287354 -35.252994537354 -34.759441375732 -34.074485778809 -33.236701965332 -32.281986236572 -31.246826171875 -30.167631149292 -29.077457427979 -28.009353637695 -26.9898853302 -26.053741455078 -25.233974456787 -24.544744491577 -23.8737449646 -22.936576843262 -21.828832626343 -20.62427520752 -19.500352859497 -18.913528442383 -18.51230430603 -17.917308807373 -17.187314987183 -16.396141052246 -15.528199195862 -14.710656166077 -14.152862548828 -13.520765304565 -12.710534095764 -11.725496292114 -10.672613143921 -9.6799926757813
-999 -999 -999 -999 -999 -999 -999 -999 -999 -999 -999 -999 -999 -999 -999 -999 -999 -999 -999 -25.457721710205 -25.5888671875 -25.911563873291 -25.726324081421 -25.845764160156 -26.271335601807 -28.09534072876 -30.309175491333 -32.84546661377 -35.309898376465 -37.013526916504 -37.564186096191 -37.665813446045 -37.386310577393 -36.8030128479 -35.994499206543 -35.01762008667 -33.915782928467 -32.723114013672 -31.472274780273 -30.199104309082 -28.933216094971 -27.700565338135 -26.520708084106 -25.419095993042 -24.416753768921 -23.511837005615 -22.630344390869 -21.650007247925 -20.452583312988 -18.875602722168 -16.874313354492 -16.627111434937 -16.622671127319 -16.33625793457 -15.844151496887 -15.20409488678 -14.48796749115 -13.770713806152 -13.06756401062 -12.334805488586 -11.627786636353 -10.958430290222 -10.273713111877 -9.6217555999756
-999 -999 -999 -999 -999 -999 -999 -999 -999 -999 -999 -999 -999 -999 -999 -999 -999 -999 -25.920257568359 -26.026006698608 -26.087373733521 -26.308980941772 -26.518932342529 -27.40904045105 -28.732011795044 -30.818572998047 -33.29753112793 -35.780284881592 -38.008407592773 -39.511402130127 -40.051048278809 -39.895648956299 -39.251712799072 -38.288219451904 -37.140449523926 -35.861526489258 -34.486389160156 -33.042282104492 -31.56229019165 -30.086750030518 -28.639507293701 -27.235462188721 -25.880722045898 -24.589612960815 -23.387386322021 -22.300775527954 -21.322385787964 -20.403142929077 -19.417030334473 -17.98148727417 -16.268056869507 -15.515216827393 -15.311274528503 -15.081615447998 -14.727213859558 -14.197756767273 -13.594456672668 -12.964686393738 -12.194345474243 -11.347618103027 -10.705760955811 -10.357361793518 -10.00661945343 -9.6597232818604
-999 -999 -999 -999 -999 -999 -999 -999 -999 -999 -999 -999 -999 -999 -999 -999 -999 -24.976362228394 -25.7711353302 -26.070861816406 -26.499237060547 -26.686651229858 -27.576414108276 -29.555128097534 -31.678638458252 -34.020393371582 -36.474414825439 -38.810581207275 -40.813571929932 -42.164039611816 -42.581020355225 -42.083038330078 -40.996620178223 -39.613285064697 -38.096042633057 -36.520401000977 -34.883563995361 -33.185562133789 -31.468338012695 -29.789657592773 -28.169548034668 -26.601499557495 -25.0732421875 -23.58713722229 -22.165325164795 -20.904590606689 -19.855434417725 -19.028045654297 -18.453943252563 -17.439786911011 -15.805122375488 -14.836190223694 -14.360609054565 -14.064316749573 -13.783169746399 -13.327324867249 -12.85034942627 -12.339756965637 -11.485070228577 -10.674967765808 -10.119568824768 -9.8426246643066 -9.6772708892822 -9.6189374923706
-999 -999 -999 -999 -999 -999 -999 -999 -999 -999 -999 -999 -999 -999 -999 -999 -999 -24.831802368164 -25.599630355835 -26.092479705811 -27.264274597168 -28.366680145264 -29.849925994873 -32.244022369385 -34.775856018066 -37.274471282959 -39.597888946533 -41.760314941406 -43.635932922363 -44.942417144775 -45.201740264893 -44.10037612915 -42.435009002686 -40.59366607666 -38.730033874512 -36.904689788818 -35.047554016113 -33.093727111816 -31.119668960571 -29.25096321106 -27.495016098022 -25.791511535645 -24.103555679321 -22.449363708496 -20.765155792236 -19.311153411865 -18.153087615967 -17.272457122803 -16.635055541992 -15.834994316101 -14.783960342407 -13.970575332642 -13.46244430542 -13.126969337463 -12.820008277893 -12.445675849915 -12.026715278625 -11.519633293152 -10.738693237305 -10.041011810303 -9.5764179229736 -9.3311595916748 -9.2419939041138 -9.2738952636719
-999 -999 -999 -999 -999 -999 -999 -999 -999 -999 -999 -999 -999 -999 -999 -999 -23.85147857666 -24.839586257935 -26.001764297485 -27.27950668335 -29.08687210083 -30.75288772583 -32.666221618652 -35.204624176025 -38.006381988525 -40.389019012451 -42.397789001465 -44.326053619385 -46.124408721924 -47.405467987061 -47.384376525879 -45.569549560547 -43.311031341553 -41.026641845703 -38.866828918457 -36.881690979004 -34.93278503418 -32.703536987305 -30.419858932495 -28.415567398071 -26.603925704956 -24.813680648804 -22.937028884888 -21.104509353638 -19.233388900757 -17.575630187988 -16.283390045166 -15.250140190125 -14.57750415802 -14.068369865417 -13.480405807495 -12.922931671143 -12.531713485718 -12.237051963806 -11.933362007141 -11.568712234497 -11.119898796082 -10.564266204834 -9.9030361175537 -9.3189792633057 -8.9783401489258 -8.7912540435791 -8.7676038742065 -8.8818893432617
-999 -999 -999 -999 -999 -999 -999 -999 -999 -999 -999 -999 -999 -999 -999 -22.912622451782 -23.691675186157 -24.934450149536 -26.734043121338 -28.747482299805 -31.049980163574 -32.811374664307 -35.138675689697 -38.015403747559 -41.026218414307 -43.02755355835 -44.490978240967 -46.091514587402 -47.847282409668 -49.286750793457 -48.540061950684 -46.100761413574 -43.361740112305 -40.719623565674 -38.315921783447 -36.22212600708 -34.419486999512 -31.82426071167 -29.202997207642 -27.212484359741 -25.38748550415 -23.515188217163 -21.454416275024 -19.454238891602 -17.54979133606 -15.838391304016 -14.439038276672 -13.320796012878 -12.732040405273 -12.54354763031 -12.260222434998 -11.912134170532 -11.662836074829 -11.415506362915 -11.109885215759 -10.753567695618 -10.284958839417 -9.7442426681519 -9.1843671798706 -8.7126522064209 -8.4170656204224 -8.2418642044067 -8.2894611358643 -8.5302228927612
-999 -999 -999 -999 -999 -999 -999 -999 -999 -999 -999 -999 -999 -999 -22.237630844116 -22.76441192627 -23.637104034424 -25.089000701904 -27.35472869873 -29.877626419067 -32.164939880371 -34.236511230469 -36.794815063477 -39.826000213623 -43.242809295654 -44.533508300781 -45.435230255127 -46.631908416748 -48.138076782227 -49.64559173584 -48.36536026001 -45.449214935303 -42.426658630371 -39.55199432373 -36.956272125244 -34.687126159668 -32.580718994141 -30.146932601929 -27.737119674683 -25.730316162109 -23.805311203003 -21.815410614014 -19.754173278809 -17.755275726318 -15.898079872131 -14.187423706055 -12.817544937134 -11.883744239807 -11.511001586914 -11.425785064697 -11.302465438843 -11.130665779114 -10.940216064453 -10.676259040833 -10.282879829407 -10.011017799377 -9.5045747756958 -9.0208406448364 -8.621509552002 -8.2822580337524 -7.9898190498352 -7.7382769584656 -7.8704080581665 -8.303053855896
