all/datos/01-EFM-Pronostico-de-Enero-2021-Lluvia/01_Enero/GRDS/01_2021_Anom.grd
DSAA
390 228
-118.47924025641 -86.14575974359
14.037283991228 32.871016008772
-999 28.891662597656
[rows 58 to 86 of 228, columns 320 to 383 of 390]
-999 -999 -999 -999 -999 -999 2.0233292579651 2.022652387619 2.008406162262 1.8950023651123 1.4923379421234 0.8919802904129 0.9143054485321 1.2038022279739 1.4331653118134 1.5907286405563 1.6921380758286 1.6296489238739 1.2899106740952 0.45600557327271 -0.84123212099075 -2.3395340442657 -3.7399477958679 -4.8020625114441 -5.3826661109924 -5.5060529708862 -5.278844833374 -4.8732600212097 -4.4693155288696 -4.2137727737427 -4.1963963508606 -4.4272651672363 -4.7985777854919 -5.2055239677429 -5.5797896385193 -5.896164894104 -6.1431131362915 -6.3069367408752 -6.4426002502441 -6.5943841934204 -6.8347821235657 -7.2338585853577 -7.7710824012756 -8.3222503662109 -8.6065378189087 -8.5514249801636 -8.2493124008179 -7.804648399353 -7.3494868278503 -6.8786377906799 -6.4130253791809 -999 -999 -999 -999 -999 -999 -999 -999 -999 -999 -999 -999 -999
-999 -999 -999 -999 -999 -999 1.5473824739456 1.3855984210968 1.1877688169479 1.1287453174591 1.0326683521271 0.90343356132507 0.97341179847717 1.198135972023 1.4061666727066 1.5111746788025 1.7582032680511 1.7650760412216 1.4561996459961 0.75247859954834 -0.28174409270287 -1.4467858076096 -2.5379137992859 -3.4034087657928 -3.9646236896515 -4.2249917984009 -4.2392101287842 -4.1218342781067 -4.0041198730469 -3.9653317928314 -4.0621676445007 -4.3110270500183 -4.6736083030701 -5.0859246253967 -5.4914035797119 -5.8610129356384 -6.1730132102966 -6.4370789527893 -6.6947159767151 -6.9493441581726 -7.2421593666077 -7.6180877685547 -8.0947856903076 -8.5994319915771 -8.76589012146 -8.4280347824097 -7.9312748908997 -7.3802213668823 -6.8738441467285 -6.3855376243591 -5.9115324020386 -999 -999 -999 -999 -999 -999 -999 -999 -999 -999 -999 -999 -999
-999 -999 -999 -999 -999 -999 -999 -999 -999 0.74917811155319 0.864930331707 0.96536552906036 1.1338422298431 1.3750251531601 1.6308348178864 1.8678140640259 2.0804309844971 2.0765862464905 1.7792993783951 1.1442488431931 0.24602988362312 -0.68457436561584 -1.5459755659103 -2.2528901100159 -2.7688972949982 -3.1068434715271 -3.3009643554688 -3.4124548435211 -3.5058176517487 -3.6392529010773 -3.850563287735 -4.1590976715088 -4.5614876747131 -5.0138559341431 -5.4668636322021 -5.8970108032227 -6.2732090950012 -6.6473813056946 -6.9860739707947 -7.281717300415 -7.5588855743408 -7.8472285270691 -8.1869897842407 -8.5918893814087 -8.6879453659058 -8.0869245529175 -7.390061378479 -6.7968988418579 -6.2931308746338 -5.8140749931335 -5.3475193977356 -4.9000382423401 -999 -999 -999 -999 -999 -999 -999 -999 -999 -999 -999 -999
-999 -999 -999 -999 -999 -999 -999 -999 -999 -999 0.87024289369583 1.0632555484772 1.3101725578308 1.6161948442459 1.9630191326141 2.3147072792053 2.5560624599457 2.4565925598145 2.0075213909149 1.3814008235931 0.6483371257782 -0.069902412593365 -0.72163105010986 -1.2704589366913 -1.7163670063019 -2.094379901886 -2.4288630485535 -2.723917722702 -2.9840610027313 -3.260844707489 -3.5749917030334 -3.9584367275238 -4.4201307296753 -4.9367151260376 -5.4681324958801 -5.9890389442444 -6.4733557701111 -6.9305715560913 -7.3144736289978 -7.6018009185791 -7.8006930351257 -7.9215874671936 -7.9902129173279 -7.9526000022888 -7.6284208297729 -7.0317015647888 -6.4540705680847 -6.0008087158203 -5.5886664390564 -5.1628575325012 -4.7278718948364 -4.2940034866333 -999 -999 -999 -999 -999 -999 -999 -999 -999 -999 -999 -999
-999 -999 -999 -999 -999 -999 -999 -999 -999 -999 -999 -999 1.4676347970963 1.8336497545242 2.2217683792114 2.6062777042389 2.8548707962036 2.640754699707 2.0312986373901 1.4481933116913 0.90206241607666 0.41422611474991 -0.0095154643058777 -0.38509008288383 -0.74657338857651 -1.138995885849 -1.5870907306671 -2.0477962493896 -2.4544169902802 -2.8366448879242 -3.2336497306824 -3.6901772022247 -4.2192630767822 -4.8160786628723 -5.4532203674316 -6.0944137573242 -6.7090492248535 -7.264208316803 -7.6856379508972 -7.9369559288025 -8.0161428451538 -7.9324736595154 -7.68994140625 -7.2330145835876 -6.4881820678711 -5.6445064544678 -5.368803024292 -5.1172709465027 -4.823314666748 -4.4612741470337 -4.0573534965515 -3.6418023109436 -999 -999 -999 -999 -999 -999 -999 -999 -999 -999 -999 -999
-999 -999 -999 -999 -999 -999 -999 -999 -999 -999 -999 -999 -999 1.9475618600845 2.3471210002899 2.6500523090363 2.6074297428131 2.2380270957947 1.7403563261032 1.2976624965668 0.9775522351265 0.76368051767349 0.60245341062546 0.44098654389381 0.21341893076897 -0.16642920672894 -0.74168932437897 -1.3986337184906 -1.9301809072495 -2.3660047054291 -2.8151915073395 -3.3219802379608 -3.9189553260803 -4.6093897819519 -5.3694577217102 -6.1626181602478 -6.9413709640503 -7.625837802887 -8.0981063842773 -8.304162979126 -8.2483263015747 -7.9587478637695 -7.4497036933899 -6.7145347595215 -5.7205600738525 -4.7145318984985 -4.556097984314 -4.3713140487671 -4.0872797966003 -3.7600736618042 -999 -999 -2.5475714206696 -999 -999 -999 -999 -999 -999 -999 -999 -999 -999 -999
-999 -999 -999 -999 -999 -999 -999 -999 -999 -999 -999 -999 -999 -999 2.1978113651276 2.2306017875671 1.9792410135269 1.5566326379776 1.1626371145248 0.91422843933105 0.87360370159149 0.98424834012985 1.1319605112076 1.2349447011948 1.2148047685623 0.91772502660751 0.19792774319649 -0.79131895303726 -1.3975014686584 -1.8227577209473 -2.2827215194702 -2.8202388286591 -3.4725923538208 -4.2539558410645 -5.1559743881226 -6.1395440101624 -7.1342077255249 -8.0110702514648 -8.5722818374634 -8.7329816818237 -8.5222787857056 -8.0277519226074 -7.3170194625854 -6.4424424171448 -5.4771890640259 -4.6577272415161 -4.1669659614563 -3.8285036087036 -3.4554188251495 -3.08656001091 -2.6891596317291 -999 -999 -999 -999 -999 -999 -999 -999 -999 -999 -999 -999 -999
-999 -999 -999 -999 -999 -999 -999 -999 -999 -999 -999 -999 -999 -999 1.4579423666 1.2222349643707 0.95923829078674 0.63986134529114 0.34905338287354 0.28179892897606 0.57040226459503 1.0805584192276 1.5626057386398 1.9811948537827 2.2373743057251 2.1947751045227 1.3283009529114 0.11181338876486 -0.65531778335571 -1.1362129449844 -1.6058999300003 -2.1538243293762 -2.8325386047363 -3.6872022151947 -4.7307677268982 -5.9429059028625 -7.2371511459351 -8.4220762252808 -9.1445960998535 -9.2129554748535 -8.7874393463135 -8.0870561599731 -7.2098278999329 -6.247428894043 -5.3336443901062 -4.5504403114319 -3.9271836280823 -3.4271202087402 -2.9370617866516 -2.4428050518036 -2.0044076442719 -1.5593667030334 -1.1146640777588 -999 -999 -999 -999 -999 -999 -999 -999 -999 -999 -999
-999 -999 -999 -999 -999 -999 -999 -999 -999 -999 -999 -999 -999 -999 0.60422623157501 0.12605296075344 -0.13581298291683 -0.33865609765053 -0.67343163490295 -0.67190319299698 0.01872643455863 0.94254153966904 1.8155635595322 2.6126704216003 3.1268682479858 3.166891336441 2.2180163860321 0.97484993934631 0.1789213269949 -0.32714396715164 -0.77527230978012 -1.3001207113266 -1.9600604772568 -2.8361115455627 -3.9889600276947 -5.4352173805237 -7.1282286643982 -8.8140115737915 -9.8511829376221 -9.6751794815063 -8.8939390182495 -7.9644613265991 -6.9485731124878 -5.9313898086548 -5.0791206359863 -4.3545045852661 -3.6922943592072 -3.0622718334198 -2.4599328041077 -1.8650158643723 -1.3223204612732 -0.82227319478989 -0.35889214277267 0.065150208771229 -999 -999 -999 -999 -999 -999 -999 -999 -999 -999
-999 -999 -999 -999 -999 -999 -999 -999 -999 -999 -999 -999 -999 -999 0.012764785438776 -0.4504497051239 -0.93105912208557 -1.3665269613266 -1.8849623203278 -2.0657856464386 -0.80625939369202 0.50984972715378 1.8288640975952 3.099240064621 3.918628692627 3.6966753005981 2.757381439209 1.4704971313477 1.0105668306351 0.59018021821976 0.17549382150173 -0.26838597655296 -0.84551674127579 -1.651407957077 -2.8051607608795 -4.4504079818726 -6.5554308891296 -8.8443546295166 -10.517924308777 -9.8043012619019 -8.5985689163208 -7.3567094802856 -6.2488923072815 -5.3613991737366 -4.6423234939575 -4.0199508666992 -3.3936705589294 -2.6607949733734 -1.9686242341995 -1.295148730278 -999 -999 -999 0.86299806833267 -999 -999 -999 -999 -999 -999 -999 -999 -999 -999
-999 -999 -999 -999 -999 -999 -999 -999 -999 -999 -999 -999 -999 -999 -0.31783625483513 -0.7354444861412 -1.3753056526184 -2.0296766757965 -2.5219664573669 -2.4861595630646 -1.4014014005661 0.031357266008854 1.5704343318939 3.2192633152008 4.8114881515503 4.1383233070374 3.3567457199097 2.5616216659546 2.0257546901703 1.6159702539444 1.2318030595779 0.90363734960556 0.4949577152729 -0.14218574762344 -1.1436326503754 -2.8103322982788 -5.251579284668 -7.8387517929077 -9.6186685562134 -9.0180912017822 -7.7551045417786 -6.361879825592 -5.1900591850281 -4.6372227668762 -4.094762802124 -3.5247168540955 -2.896933555603 -2.187896490097 -1.4531306028366 -0.71599215269089 -999 -999 -999 -999 -999 -999 -999 -999 -999 -999 -999 -999 -999 -999
-999 -999 -999 -999 -999 -999 -999 -999 -999 -999 -999 -999 -999 -999 -999 -0.79878997802734 -1.3355244398117 -2.064465045929 -2.647262096405 -2.5292410850525 -1.686774969101 -0.39438188076019 1.0575044155121 2.54603099823 3.709760427475 4.0409364700317 3.8498396873474 3.4800832271576 3.1012299060822 2.7200970649719 2.3328847885132 2.1669342517853 2.023955821991 1.5646469593048 0.78066110610962 -0.65621334314346 -3.3592562675476 -6.0412044525146 -7.6106352806091 -7.3757658004761 -6.523642539978 -5.433171749115 -4.505154132843 -4.0339603424072 -3.5686039924622 -3.0246572494507 -2.4038963317871 -1.6987117528915 -0.92991024255753 -0.13177396357059 0.65847021341324 1.3887271881104 -999 -999 -999 -999 -999 -999 -999 -999 -999 -999 -999 -999
-999 -999 -999 -999 -999 -999 -999 -999 -999 -999 -999 -999 -999 -999 -999 -999 -1.0255520343781 -1.9467494487762 -2.5127413272858 -2.7040753364563 -1.9283874034882 -0.77316629886627 0.45331606268883 1.635488986969 2.9554498195648 3.8989562988281 4.3031196594238 4.3340449333191 4.1853251457214 3.9461929798126 3.5892148017883 3.6204676628113 3.7520208358765 3.346568107605 2.5467250347137 1.1122502088547 -1.1218900680542 -3.6332271099091 -5.0569577217102 -5.3787055015564 -5.1199984550476 -4.5864539146423 -4.043032169342 -3.5876505374908 -3.1333560943604 -2.5936417579651 -1.9657022953033 -1.2498619556427 -0.44279831647873 0.42230552434921 1.3008471727371 2.1332297325134 2.8550689220428 -999 -999 -999 -999 -999 -999 -999 -999 -999 -999 -999
-999 -999 -999 -999 -999 -999 -999 -999 -999 -999 -999 -999 -999 -999 -999 -999 -999 -2.0637910366058 -2.644252538681 -2.7067391872406 -2.069625377655 -0.97545778751373 0.096297279000282 1.186408162117 2.6818737983704 4.0393762588501 4.8326206207275 5.1833410263062 5.3093523979187 5.3251824378967 5.3221201896667 5.4713754653931 5.5582122802734 5.0723218917847 4.3515768051147 3.2135810852051 1.3117127418518 -0.81164616346359 -2.470353603363 -3.3281941413879 -3.6498472690582 -3.6475348472595 -3.4698576927185 -3.1741733551025 -2.7755391597748 -2.2584223747253 -1.620546579361 -0.87761199474335 -0.023689115419984 0.92134153842926 1.9059454202652 2.863121509552 3.6942491531372 -999 -999 -999 -999 -999 -999 -999 -999 -999 -999 -999
-999 -999 -999 -999 -999 -999 -999 -999 -999 -999 -999 -999 -999 -999 -999 -999 -999 -2.0628941059113 -2.4927489757538 -2.4699096679688 -1.9240217208862 -0.95969891548157 -0.052653651684523 1.1398499011993 2.6662526130676 4.3608798980713 5.3467264175415 5.9424052238464 6.3550181388855 6.666543006897 6.9756445884705 7.1881971359253 7.1034297943115 6.5969915390015 5.9548692703247 5.1069793701172 3.3196620941162 1.3543554544449 -0.31554242968559 -1.4857352972031 -2.2488574981689 -2.7135090827942 -2.8865654468536 -2.7831175327301 -2.4702405929565 -1.9938169717789 -1.3814270496368 -0.62137025594711 0.28761440515518 1.321324467659 2.4364190101624 3.5460546016693 4.54230260849 -999 -999 -999 -999 -999 -999 -999 -999 -999 -999 -999
-999 -999 -999 -999 -999 -999 -999 -999 -999 -999 -999 -999 -999 -999 -999 -999 -999 -1.8638315200806 -2.1230359077454 -2.0508902072906 -1.5881748199463 -1.1200325489044 -0.38764169812202 0.83495098352432 2.4243972301483 4.0988974571228 5.4545102119446 6.4918270111084 7.2386240959167 7.7512707710266 8.3718023300171 8.7324638366699 8.4856214523315 7.9127969741821 7.5395154953003 6.6595158576965 4.8450441360474 2.9759888648987 1.3635122776031 0.066393934190273 -0.98491495847702 -1.8664027452469 -2.3971364498138 -2.4425759315491 -2.1990561485291 -1.7971458435059 -1.2398968935013 -0.50088155269623 0.44068548083305 1.5687221288681 2.8276515007019 4.1438312530518 5.3650150299072 -999 -999 -999 -999 -999 -999 -999 -999 -999 -999 -999
-999 -999 -999 -999 -999 -999 -999 -999 -999 -999 -999 -999 -999 -999 -999 -999 -999 -1.6066390275955 -1.8258550167084 -1.8449565172195 -1.5625106096268 -1.6292425394058 -1.1127083301544 0.28611707687378 1.9772404432297 3.6901473999023 5.2875590324402 6.8354425430298 8.0802774429321 8.6137704849243 9.2997388839722 9.9553823471069 9.2345714569092 8.2065963745117 7.8262500762939 7.2194514274597 5.6489105224609 4.0426826477051 2.6154046058655 1.3809887170792 0.22087426483631 -1.0222182273865 -2.0570397377014 -2.0590028762817 -1.9154907464981 -1.6570218801498 -1.2129342556 -0.53921419382095 0.39039853215218 1.5834197998047 2.9893250465393 4.5283875465393 6.095193862915 -999 -999 -999 -999 -999 -999 -999 -999 -999 -999 -999
-999 -999 -999 -999 -999 -999 -999 -999 -999 -999 -999 -999 -999 -999 -999 -999 -999 -1.3120415210724 -1.5640672445297 -1.8132576942444 -2.1651554107666 -3.2450680732727 -1.9844232797623 -0.26167649030685 1.5432653427124 3.246187210083 4.7937407493591 6.5092911720276 8.2596187591553 8.5578203201294 9.0221519470215 9.4007110595703 8.5979595184326 7.453357219696 7.3065648078918 6.7647314071655 5.7380433082581 4.5605154037476 3.4729943275452 2.5127835273743 1.5330748558044 0.28938144445419 -0.9212948679924 -1.3752987384796 -1.5594348907471 -1.5661264657974 -1.3300609588623 -0.78768444061279 0.088371813297272 1.2998962402344 2.7952604293823 4.4820151329041 6.281617641449 7.6391730308533 -999 -999 -999 -999 -999 -999 -999 -999 -999 -999
-999 -999 -999 -999 -999 -999 -999 -999 -999 -999 -999 -999 -999 -999 -999 -999 -999 -0.94121038913727 -1.2101202011108 -1.5417709350586 -1.9642857313156 -2.5225579738617 -2.0925359725952 -0.52811312675476 1.2566736936569 2.8964445590973 4.0472683906555 5.2038149833679 6.5700912475586 7.2983837127686 7.5711860656738 7.6176710128784 7.4820866584778 7.1667032241821 6.8194131851196 6.2421398162842 5.473705291748 4.6688914299011 3.9674637317657 3.4197340011597 2.9383735656738 1.9377398490906 0.5031201839447 -0.54108929634094 -1.2052570581436 -1.574956536293 -1.6293287277222 -1.2862875461578 -0.49984061717987 0.70138478279114 2.2230803966522 3.9223456382751 5.5686869621277 6.7823758125305 -999 -999 -999 -999 -999 6.5660290718079 -999 -999 -999 -999
-999 -999 -999 -999 -999 -999 -999 -999 -999 -999 -999 -999 -999 -999 -999 -999 -999 -0.46055391430855 -0.6920565366745 -0.9718986749649 -1.2474781274796 -1.6663910150528 -1.9397125244141 -0.54200726747513 1.1028578281403 2.7771875858307 3.6149804592133 4.2142744064331 5.0532789230347 5.7412896156311 5.8521685600281 5.7629737854004 6.2680549621582 6.6162619590759 6.2406787872314 5.5434498786926 4.9242644309998 4.4176001548767 4.0477561950684 3.8410387039185 3.7755265235901 2.9807415008545 1.3615149259567 0.039868023246527 -0.9926740527153 -1.7456830739975 -2.1482782363892 -2.0709805488586 -1.3952187299728 -0.18609707057476 1.3735249042511 3.0795879364014 4.6552319526672 5.9061188697815 6.7328352928162 -999 -999 -999 -999 6.7019071578979 5.7890219688416 -999 -999 -999
-999 -999 -999 -999 -999 -999 -999 -999 -999 -999 -999 -999 -999 -999 -999 -999 -999 0.11251706629992 -0.052071686834097 -0.29328516125679 -0.59577393531799 -1.0247418880463 -1.1090482473373 -0.29357361793518 0.88340401649475 2.1346411705017 3.0113027095795 3.2994585037231 3.8771088123322 4.3448891639709 4.4978466033936 4.6142663955688 5.0012350082397 5.485538482666 5.0780334472656 4.479709148407 4.0696201324463 3.837751865387 3.7219245433807 3.6710317134857 3.48717212677 2.7984557151794 1.6066884994507 0.307452917099 -0.93509745597839 -2.0584580898285 -2.8953642845154 -3.1527857780457 -2.5844759941101 -1.2983381748199 0.38748490810394 2.1769371032715 3.7863008975983 5.0891137123108 6.0514197349548 6.7333960533142 -999 -999 -999 6.6516184806824 5.5373401641846 -999 -999 -999
-999 -999 -999 -999 -999 -999 -999 -999 -999 -999 -999 -999 -999 -999 -999 -999 -999 0.72595739364624 0.59599310159683 0.43114465475082 0.16286954283714 -0.22775737941265 -0.31037631630898 -0.010725148022175 0.5763064622879 1.2500318288803 1.7715156078339 2.3017582893372 2.8689835071564 3.2261700630188 3.2885808944702 3.3975670337677 3.6347184181213 3.6892340183258 3.2506201267242 3.1470277309418 3.0457220077515 3.0313041210175 3.1187062263489 3.2075362205505 3.0797748565674 2.5526239871979 1.6418155431747 0.47259730100632 -0.87418806552887 -2.3432676792145 -3.7542855739594 -4.5481238365173 -4.0004639625549 -2.5000014305115 -0.56846839189529 1.3918346166611 3.0707075595856 4.3697729110718 5.3303503990173 6.0671463012695 6.6979794502258 -999 -999 -999 -999 -999 -999 -999
-999 -999 -999 -999 -999 -999 -999 -999 -999 -999 -999 -999 -999 -999 -999 -999 -999 1.3052619695663 1.1072010993958 0.99672776460648 0.7652171254158 0.28796091675758 0.041967142373323 0.045425221323967 0.2472148090601 0.47995936870575 0.63057035207748 1.3402045965195 1.9790729284286 2.2525985240936 2.0422301292419 2.0561347007751 2.3626251220703 2.3715090751648 2.1147589683533 2.0292794704437 2.0331935882568 2.1322972774506 2.377028465271 2.6905138492584 2.756520986557 2.4272091388702 1.7549923658371 0.7654727101326 -0.55786520242691 -2.2767050266266 -4.2369856834412 -5.9818367958069 -5.3710341453552 -3.5551776885986 -1.2805390357971 0.89532399177551 2.6107141971588 3.7777972221375 4.5485916137695 5.140501499176 5.7345390319824 6.284149646759 -999 -999 -999 -999 -999 -999
-999 -999 -999 -999 -999 -999 -999 -999 -999 -999 -999 -999 -999 -999 -999 -999 -999 -999 1.3520175218582 1.2000753879547 0.91311955451965 0.51364898681641 0.15145121514797 -0.062414444983006 -0.081454701721668 -0.056854166090488 0.13351961970329 0.65780007839203 1.2529076337814 1.4412567615509 0.95602351427078 0.88902944326401 1.3462866544724 1.408172249794 1.2446098327637 1.1101925373077 1.036353468895 1.133514046669 1.5436060428619 2.1294343471527 2.5198822021484 2.4318189620972 2.0047922134399 1.2767211198807 0.11203655600548 -1.5871255397797 -3.6612372398376 -5.6137866973877 -6.4018540382385 -4.0909295082092 -1.5411816835403 0.82505822181702 2.5093467235565 3.3443782329559 3.6988694667816 3.9256474971771 4.3037576675415 4.4529762268066 4.0420889854431 -999 -999 -999 -999 -999
-999 -999 -999 -999 -999 -999 -999 -999 -999 -999 -999 -999 -999 -999 -999 -999 -999 -999 1.4280178546906 1.3298485279083 1.0694925785065 0.65435057878494 0.15357750654221 -0.31562659144402 -0.60133540630341 -0.64663285017014 -0.44966498017311 0.081776790320873 0.7540248632431 1.0715609788895 0.65252733230591 0.44184994697571 0.52875316143036 0.57984882593155 0.49751195311546 0.33535811305046 0.10082832723856 0.018709778785706 0.65645915269852 1.6377127170563 2.4549632072449 2.4935643672943 2.3400795459747 2.0140166282654 1.2527234554291 -0.25736591219902 -2.2729382514954 -4.1600365638733 -4.8976082801819 -3.6554777622223 -1.3857630491257 1.1532206535339 2.8188848495483 2.9796192646027 2.8565368652344 2.7382593154907 2.8110158443451 2.6721565723419 2.1646070480347 1.3949457406998 -999 -999 -999 -999
-999 -999 -999 -999 -999 -999 -999 -999 -999 -999 -999 -999 -999 -999 -999 -999 -999 -999 1.567281961441 1.5388051271439 1.3317310810089 0.89482319355011 0.19338777661324 -0.64860421419144 -1.2521785497665 -1.2340655326843 -1.035915851593 -0.39899319410324 0.40408354997635 0.63562524318695 0.3734624683857 0.024343388155103 -0.10075633227825 -0.042083483189344 -0.040537156164646 -0.15880769491196 -0.46532166004181 -0.92419761419296 0.031855415552855 1.1855142116547 2.0589725971222 2.4519598484039 2.6002810001373 2.8290996551514 2.8704302310944 1.5250327587128 -0.60837388038635 -2.4831509590149 -3.4455389976501 -3.0856378078461 -1.3567401170731 0.93701785802841 2.4388480186462 2.1945371627808 1.9169473648071 1.6832369565964 1.4358438253403 1.0169345140457 0.37359017133713 -0.43319448828697 -1.2450612783432 -999 -999 -999
-999 -999 -999 -999 -999 -999 -999 -999 -999 -999 -999 -999 -999 -999 -999 -999 -999 -999 -999 1.8069031238556 1.720286488533 1.3574057817459 0.50334960222244 -0.93895995616913 -2.0249562263489 -1.5692595243454 -0.90483379364014 -0.14189085364342 0.35582214593887 0.50192624330521 0.15110971033573 -0.43005532026291 -0.648208796978 -0.41395476460457 -0.27666562795639 -0.27098813652992 -0.42452692985535 -0.47582170367241 0.033175308257341 0.92713212966919 1.8095425367355 2.3774580955505 2.6101460456848 3.1144423484802 5.052517414093 3.122410774231 0.62401908636093 -1.392486333847 -2.67214012146 -3.0016376972198 -1.633034825325 -0.22693219780922 0.62822920084 0.81955951452255 0.76846796274185 0.55459767580032 0.14770802855492 -0.44697365164757 -1.2429094314575 -2.1689651012421 -3.0545315742493 -999 -999 -999
-999 -999 -999 -999 -999 -999 -999 -999 -999 -999 -999 -999 -999 -999 -999 -999 -999 -999 -999 -999 2.1394989490509 2.0803980827332 1.3860321044922 -0.27695974707603 -1.5896753072739 -1.6643946170807 -1.033451795578 -0.38225302100182 0.15933775901794 0.49246236681938 0.056626211851835 -0.46529442071915 -0.68239992856979 -0.56426668167114 -0.37228661775589 -0.16737002134323 -0.22454133629799 -0.24721576273441 0.004675589967519 0.68513035774231 1.6516193151474 2.2986037731171 2.5235061645508 3.0717940330505 3.8457171916962 2.7072558403015 0.78535330295563 -0.94577997922897 -2.0707807540894 -2.3284575939178 -1.7871766090393 -1.1109794378281 -0.82519853115082 -0.52909958362579 -0.30554091930389 -0.49817758798599 -0.96599471569061 -1.6668429374695 -2.5894737243652 -3.6713707447052 -4.660373210907 -999 -999 -999
-999 -999 -999 -999 -999 -999 -999 -999 -999 -999 -999 -999 -999 -999 -999 -999 -999 -999 -999 -999 -999 -999 2.6674880981445 0.45482614636421 -1.1669627428055 -2.0403525829315 -2.3177337646484 -2.0724086761475 -1.2960115671158 -0.55513846874237 -0.2885048687458 -0.36588445305824 -0.63224363327026 -0.7922403216362 -0.82003456354141 -0.30791813135147 -0.48105093836784 -0.39191919565201 -0.31703364849091 0.23935450613499 1.1716663837433 1.7911648750305 1.9382185935974 2.0540280342102 1.6856033802032 1.2051022052765 0.15804125368595 -1.1128239631653 -1.865098118782 -2.0173268318176 -1.7786611318588 -1.4560209512711 -1.2867486476898 -1.0919998884201 -1.0237340927124 -1.2907038927078 -1.8334704637527 -2.5976338386536 -3.548864364624 -4.658317565918 -5.5956659317017 -999 -999 -999
