all/datos/01-EFM-Pronostico-de-Enero-2021-Lluvia/01_Enero/GRDS/01_2021_Anom.grd
DSAA
390 228
-118.47924025641 -86.14575974359
14.037283991228 32.871016008772
-999 28.891662597656
[rows 145 to 173 of 228, columns 64 to 127 of 390]
-999 -999 -999 -999 -999 -999 -999 -999 -999 -999 -999 -999 -11.393630981445 -11.457604408264 -11.955470085144 -12.837847709656 -13.803714752197 -14.054763793945 -13.791076660156 -13.286884307861 -12.439003944397 -11.224561691284 -10.064651489258 -999 -999 -999 -999 -999 -999 -999 -999 -999 -999 -999 -999 -999 -999 -999 -999 -999 -999 -999 -999 -999 -999 -999 -16.609254837036 -16.551179885864 -16.299541473389 -15.858942985535 -15.396269798279 -15.301971435547 -15.95565700531 -17.271326065063 -18.300863265991 -19.402420043945 -20.503429412842 -21.599580764771 -22.77615737915 -23.956604003906 -25.02746963501 -25.926528930664 -26.612173080444 -27.009538650513
-999 -999 -999 -999 -999 -999 -999 -999 -999 -999 -999 -11.781198501587 -11.791284561157 -11.401885986328 -11.905701637268 -12.786232948303 -13.398146629333 -13.533561706543 -13.220775604248 -12.610808372498 -11.791598320007 -10.995399475098 -999 -999 -999 -999 -999 -999 -999 -999 -999 -999 -999 -999 -999 -999 -999 -999 -999 -999 -999 -999 -999 -999 -999 -999 -999 -16.670560836792 -16.525896072388 -16.302444458008 -16.106904983521 -16.176729202271 -16.735542297363 -17.768939971924 -19.070055007935 -20.424903869629 -21.671895980835 -22.841217041016 -23.988807678223 -25.077112197876 -26.039262771606 -26.83588218689 -27.45729637146 -27.914257049561
-999 -999 -999 -999 -999 -999 -999 -999 -10.738663673401 -999 -12.008979797363 -12.618300437927 -12.856224060059 -12.571637153625 -12.613943099976 -12.998304367065 -13.230938911438 -13.169021606445 -12.795194625854 -12.169666290283 -11.36256980896 -10.747046470642 -999 -999 -999 -999 -999 -999 -999 -999 -999 -999 -999 -999 -999 -999 -999 -999 -999 -999 -999 -999 -999 -999 -999 -999 -999 -999 -16.853086471558 -16.762968063354 -16.733076095581 -16.777048110962 -17.286817550659 -18.152574539185 -19.817169189453 -21.534309387207 -22.831176757813 -24.003618240356 -25.129169464111 -26.163646697998 -27.023036956787 -27.667013168335 -28.106473922729 -28.299028396606
-999 -999 -999 -999 -999 -999 -999 -11.188536643982 -11.661442756653 -12.12211227417 -12.855427742004 -13.652886390686 -14.423726081848 -14.037276268005 -13.593768119812 -13.430483818054 -13.295782089233 -13.026223182678 -12.576898574829 -11.97917842865 -11.35240650177 -10.894195556641 -999 -999 -999 -999 -999 -999 -999 -999 -999 -999 -999 -999 -999 -999 -999 -999 -999 -999 -999 -999 -999 -999 -999 -999 -999 -999 -17.236268997192 -17.126222610474 -17.01891708374 -17.186309814453 -17.932456970215 -19.045272827148 -20.736106872559 -22.478137969971 -23.843921661377 -25.04510307312 -26.178215026855 -27.20489692688 -27.965013504028 -28.406892776489 -28.627059936523 -28.610805511475
-999 -999 -999 -999 -999 -11.49205493927 -11.556609153748 -11.688053131104 -12.435820579529 -12.940276145935 -13.606416702271 -14.345929145813 -14.904830932617 -14.720286369324 -14.242702484131 -13.835933685303 -13.460464477539 -13.028367042542 -12.502723693848 -11.923422813416 -11.400921821594 -999 -999 -999 -999 -999 -999 -999 -999 -999 -999 -999 -999 -999 -999 -999 -999 -999 -999 -999 -999 -999 -999 -999 -999 -999 -999 -999 -17.719175338745 -17.612014770508 -17.557531356812 -17.988321304321 -18.741714477539 -19.860015869141 -21.51647567749 -23.338079452515 -24.679946899414 -25.945079803467 -27.101865768433 -28.155282974243 -28.85228729248 -29.024251937866 -29.055534362793 -28.920009613037
-999 -999 -999 -999 -11.705778121948 -12.124889373779 -12.213605880737 -12.334229469299 -12.667320251465 -13.383438110352 -14.124002456665 -14.720825195313 -15.018085479736 -14.911545753479 -14.546096801758 -14.095669746399 -13.610547065735 -13.07537651062 -12.487550735474 -11.895471572876 -11.416583061218 -999 -999 -999 -999 -999 -999 -999 -999 -999 -999 -999 -999 -999 -999 -999 -999 -999 -999 -999 -999 -999 -999 -999 -999 -999 -999 -999 -18.347316741943 -18.37596321106 -18.525207519531 -18.968152999878 -19.662984848022 -20.517978668213 -22.042957305908 -23.893085479736 -25.430624008179 -26.730916976929 -27.848434448242 -28.761884689331 -29.29744720459 -29.416564941406 -29.35195350647 -29.15913772583
-999 -999 -10.72211265564 -11.403957366943 -12.12290096283 -12.88170337677 -13.2321434021 -13.2202501297 -13.469213485718 -14.023546218872 -14.6209897995 -15.029979705811 -15.127906799316 -14.960978507996 -14.633639335632 -14.208963394165 -13.695110321045 -999 -999 -11.898399353027 -999 -999 -999 -999 -999 -999 -999 -999 -999 -999 -999 -999 -999 -999 -999 -999 -999 -999 -999 -999 -999 -999 -999 -999 -999 -999 -999 -18.985513687134 -19.094644546509 -19.276748657227 -19.573585510254 -20.050838470459 -20.750556945801 -21.69019317627 -23.095193862915 -24.743284225464 -26.204740524292 -27.460092544556 -28.495664596558 -29.214120864868 -29.570571899414 -29.626935958862 -29.492626190186 -29.243339538574
-999 -999 -10.761103630066 -11.508092880249 -12.318618774414 -13.174836158752 -13.796074867249 -14.099178314209 -14.367259979248 -14.717460632324 -15.140786170959 -15.316200256348 -15.127316474915 -14.835040092468 -14.529964447021 -14.193095207214 -13.685241699219 -999 -12.429168701172 -11.899326324463 -999 -999 -999 -999 -999 -999 -999 -999 -999 -999 -999 -999 -999 -999 -999 -999 -999 -999 -999 -999 -999 -999 -999 -999 -999 -999 -19.463493347168 -19.649873733521 -19.889453887939 -20.211210250854 -20.619089126587 -21.144605636597 -21.943788528442 -22.981468200684 -24.256416320801 -25.654417037964 -26.98388671875 -28.158843994141 -29.134880065918 -29.652418136597 -29.802797317505 -29.73860168457 -29.500875473022 -29.13955116272
-999 -10.0021276474 -10.710973739624 -11.462015151978 -12.273662567139 -13.190947532654 -14.118806838989 -14.739623069763 -15.000685691833 -15.107134819031 -15.354283332825 -15.297570228577 -14.818232536316 -14.406101226807 -14.123910903931 -14.00609588623 -999 -12.809443473816 -12.234274864197 -999 -999 -999 -999 -999 -999 -999 -999 -999 -999 -999 -999 -999 -999 -999 -999 -999 -999 -999 -999 -999 -999 -18.846542358398 -19.053674697876 -19.278871536255 -999 -19.792718887329 -20.020017623901 -20.288261413574 -20.650144577026 -21.128860473633 -21.701978683472 -22.318971633911 -23.194843292236 -24.240762710571 -25.391668319702 -26.599601745605 -27.761201858521 -28.789344787598 -29.521472930908 -29.920299530029 -29.967311859131 -29.790699005127 -29.43249130249 -28.923631668091
-999 -9.9196863174438 -10.596508979797 -11.312487602234 -12.084461212158 -13.057070732117 -14.348216056824 -15.267015457153 -15.335554122925 -15.250777244568 -15.049163818359 -14.621020317078 -14.06405544281 -13.571669578552 -13.221420288086 -13.094061851501 -999 -12.296049118042 -999 -999 -999 -999 -999 -999 -999 -999 -999 -999 -999 -999 -999 -999 -999 -999 -999 -999 -999 -999 -999 -999 -999 -19.285900115967 -19.456117630005 -19.693315505981 -20.016160964966 -20.291353225708 -20.47873878479 -20.742301940918 -21.240837097168 -21.974353790283 -22.816688537598 -23.646068572998 -24.494306564331 -25.409952163696 -26.414882659912 -27.474397659302 -28.503051757813 -29.392604827881 -29.993600845337 -30.139631271362 -30.08332824707 -29.814046859741 -29.360712051392 -28.724355697632
-999 -9.8214988708496 -10.420236587524 -11.076598167419 -11.856722831726 -12.856756210327 -14.092683792114 -15.101095199585 -14.963801383972 -14.900577545166 -14.339257240295 -13.565932273865 -12.913057327271 -12.383435249329 -11.980909347534 -999 -999 -999 -999 -999 -999 -999 -999 -999 -999 -999 -999 -999 -999 -999 -999 -999 -999 -999 -999 -999 -999 -999 -999 -999 -19.584789276123 -19.807373046875 -19.933212280273 -20.151588439941 -20.513561248779 -20.744760513306 -20.762195587158 -20.94261932373 -21.572134017944 -22.66720199585 -23.887121200562 -24.897220611572 -25.645059585571 -26.389705657959 -27.245935440063 -28.187585830688 -29.140022277832 -29.944416046143 -30.289295196533 -30.344749450684 -30.181535720825 -29.834121704102 -29.336338043213 -28.686891555786
-9.227915763855 -9.7366409301758 -10.205477714539 -10.729545593262 -11.410135269165 -12.251832008362 -13.099479675293 -13.626581192017 -13.63335609436 -13.363218307495 -12.766700744629 -12.043747901917 -11.403553962708 -10.938391685486 -10.710122108459 -999 -999 -999 -999 -999 -999 -999 -999 -999 -999 -999 -999 -999 -999 -999 -999 -999 -999 -999 -999 -999 -999 -999 -999 -19.771089553833 -20.182350158691 -20.43341255188 -20.593696594238 -20.8268699646 -21.052289962769 -21.009443283081 -20.879417419434 -20.938920974731 -21.639078140259 -23.120267868042 -24.864305496216 -26.046653747559 -26.48653793335 -27.054605484009 -27.806707382202 -28.673694610596 -29.585193634033 -30.471998214722 -30.657838821411 -30.525186538696 -30.258365631104 -29.847562789917 -29.304958343506 -28.673742294312
-9.2628107070923 -9.6991539001465 -10.025497436523 -10.292548179626 -10.808679580688 -11.468755722046 -11.95979309082 -12.133138656616 -11.928159713745 -11.409728050232 -10.70432472229 -10.059826850891 -9.5015897750854 -9.2496490478516 -9.3527402877808 -999 -999 -999 -999 -999 -999 -999 -999 -999 -999 -999 -999 -999 -999 -999 -999 -999 -999 -999 -999 -999 -999 -999 -19.686979293823 -20.363708496094 -20.821332931519 -21.087520599365 -21.290021896362 -21.552270889282 -21.652858734131 -21.228887557983 -20.873207092285 -20.87650680542 -21.542802810669 -23.038335800171 -25.091403961182 -26.201484680176 -26.691905975342 -27.305767059326 -28.071472167969 -28.908376693726 -29.73811340332 -30.420192718506 -30.682590484619 -30.601833343506 -30.319885253906 -29.86156463623 -29.245830535889 -28.550378799438
-9.3841886520386 -9.7951679229736 -10.04007434845 -10.096082687378 -10.412602424622 -10.819192886353 -10.959992408752 -10.787202835083 -10.289229393005 -9.4889059066772 -8.5030899047852 -7.6455626487732 -7.2794394493103 -999 -999 -999 -999 -999 -999 -999 -999 -999 -999 -999 -999 -999 -999 -999 -999 -999 -999 -999 -999 -999 -999 -16.812572479248 -17.930307388306 -19.119239807129 -20.200830459595 -20.97887802124 -21.420780181885 -21.680370330811 -21.869255065918 -21.955564498901 -21.741899490356 -21.215162277222 -20.756685256958 -20.678520202637 -21.063936233521 -22.414728164673 -23.970188140869 -25.33695602417 -26.318447113037 -27.206489562988 -28.09836769104 -28.963455200195 -29.734683990479 -30.316873550415 -30.613275527954 -30.619577407837 -30.383121490479 -29.923086166382 -29.228511810303 -28.354494094849
-9.5988664627075 -10.075413703918 -10.353741645813 -10.44803237915 -10.483856201172 -10.459029197693 -10.21555519104 -9.7122755050659 -8.9440011978149 -7.8966708183289 -6.5623006820679 -5.2638731002808 -999 -999 -999 -999 -999 -999 -999 -999 -999 -999 -999 -999 -999 -999 -999 -999 -999 -999 -999 -999 -999 -999 -15.545207977295 -16.542314529419 -17.835777282715 -19.316345214844 -20.728841781616 -21.609079360962 -21.913822174072 -22.136657714844 -22.299194335938 -22.278038024902 -21.943704605103 -21.321645736694 -20.694511413574 -20.991321563721 -21.477125167847 -22.221817016602 -23.248476028442 -24.689544677734 -25.862487792969 -26.999963760376 -28.06489944458 -28.98118019104 -29.727443695068 -30.278099060059 -30.598882675171 -30.673318862915 -30.510799407959 -30.102447509766 -29.40891456604 -28.411054611206
-9.8941679000854 -10.504319190979 -10.885233879089 -10.95304775238 -10.746151924133 -10.342379570007 -9.7380199432373 -8.9397821426392 -8.0109157562256 -6.9158978462219 -5.6370029449463 -4.4672198295593 -999 -999 -999 -999 -999 -999 -999 -999 -999 -999 -999 -999 -999 -999 -999 -999 -999 -999 -999 -13.387407302856 -999 -14.413957595825 -15.059560775757 -15.98565864563 -17.455074310303 -19.274379730225 -20.991125106812 -21.95581817627 -22.127443313599 -22.444862365723 -22.612419128418 -22.622570037842 -22.467378616333 -22.120010375977 -21.798978805542 -22.433561325073 -23.000827789307 -23.36304473877 -23.884208679199 -24.634080886841 -25.587249755859 -26.957618713379 -28.196445465088 -29.099388122559 -29.794763565063 -30.32612991333 -30.664682388306 -30.788475036621 -30.712966918945 -30.433013916016 -29.884122848511 -28.959703445435
-10.211466789246 -11.026084899902 -11.578990936279 -11.612829208374 -11.137253761292 -10.39196395874 -9.4958486557007 -8.4583988189697 -7.497444152832 -6.5176935195923 -5.5294156074524 -999 -999 -999 -999 -999 -999 -999 -999 -999 -999 -999 -999 -999 -999 -999 -999 -999 -999 -999 -999 -999 -13.615489006042 -14.021014213562 -14.493625640869 -15.203304290771 -16.849426269531 -18.91695022583 -20.821161270142 -21.790313720703 -22.369518280029 -22.72283744812 -22.915353775024 -23.050897598267 -23.257396697998 -23.512357711792 -24.028146743774 -24.788078308105 -25.124645233154 -25.108827590942 -25.140285491943 -25.24845123291 -25.707849502563 -27.472812652588 -28.746057510376 -29.466360092163 -29.930810928345 -30.506011962891 -30.824659347534 -30.951496124268 -30.92006111145 -30.7692527771 -30.519491195679 -29.534009933472
-10.455862998962 -11.492764472961 -12.361696243286 -12.372727394104 -11.495600700378 -10.478851318359 -9.4261684417725 -8.3659067153931 -7.3799228668213 -6.4816212654114 -5.7014694213867 -999 -999 -999 -999 -999 -999 -999 -999 -999 -999 -999 -999 -999 -999 -999 -999 -999 -999 -999 -999 -999 -13.443917274475 -13.697991371155 -14.015206336975 -14.866073608398 -16.409530639648 -18.226654052734 -19.668460845947 -21.434299468994 -22.470565795898 -22.925727844238 -23.17557144165 -23.509511947632 -24.007326126099 -24.733327865601 -25.848726272583 -27.367029190063 -27.267374038696 -26.819332122803 -26.656774520874 -26.773040771484 -27.406450271606 -28.780704498291 -29.740400314331 -30.181875228882 -30.541616439819 -30.859411239624 -31.055030822754 -31.104520797729 -31.027362823486 -30.839464187622 -30.475479125977 -29.603223800659
-10.501490592957 -11.598561286926 -12.619260787964 -12.543370246887 -11.499504089355 -10.42057800293 -9.3615741729736 -8.3450059890747 -7.416787147522 -6.6000871658325 -999 -999 -999 -999 -999 -999 -999 -999 -999 -999 -999 -999 -999 -999 -999 -999 -999 -999 -999 -999 -999 -999 -13.289142608643 -13.433888435364 -13.593233108521 -14.56060218811 -16.09087562561 -17.699663162231 -19.269674301147 -20.756076812744 -22.264162063599 -22.776062011719 -23.179552078247 -23.723236083984 -24.437162399292 -25.374067306519 -26.605009078979 -27.907846450806 -28.156665802002 -27.996761322021 -28.041463851929 -28.381286621094 -29.048063278198 -29.905563354492 -30.568880081177 -30.92041015625 -31.145093917847 -31.278116226196 -31.304269790649 -31.215480804443 -31.014179229736 -30.68398475647 -30.150852203369 -29.328392028809
-10.270436286926 -11.158254623413 -11.782523155212 -11.710766792297 -11.0390625 -10.142119407654 -9.2037878036499 -8.2955961227417 -999 -999 -999 -999 -999 -999 -999 -999 -999 -999 -999 -999 -999 -999 -999 -999 -999 -999 -999 -999 -999 -999 -999 -12.770049095154 -13.117524147034 -13.374762535095 -13.77809047699 -14.653700828552 -15.907949447632 -17.28662109375 -18.707406997681 -20.109760284424 -21.286855697632 -22.10009765625 -22.844175338745 -23.630348205566 -24.492864608765 -25.466756820679 -26.565113067627 -27.574337005615 -28.205003738403 -28.651037216187 -29.059295654297 -29.609582901001 -30.28363609314 -30.846994400024 -31.321329116821 -31.603513717651 -31.710651397705 -31.677484512329 -31.522394180298 -31.261528015137 -30.909175872803 -30.447242736816 -29.813016891479 -28.96215057373
-9.8235321044922 -10.475421905518 -10.862028121948 -10.822825431824 -10.383793830872 -9.7075214385986 -999 -999 -999 -999 -999 -999 -999 -999 -999 -999 -999 -999 -999 -999 -999 -999 -999 -999 -999 -999 -999 -999 -999 -999 -999 -999 -13.148510932922 -13.53870010376 -14.057967185974 -14.828102111816 -15.815145492554 -16.892429351807 -17.959121704102 -19.001440048218 -20.022964477539 -21.189409255981 -22.314388275146 -23.343395233154 -24.31178855896 -25.272228240967 -26.302267074585 -27.379079818726 -28.309064865112 -29.07808303833 -29.760427474976 -30.435943603516 -31.089416503906 -31.64365196228 -32.048461914063 -32.253547668457 -32.243423461914 -32.039150238037 -31.684728622437 -31.226680755615 -30.714597702026 -30.153457641602 -29.458757400513 -28.532901763916
-9.3075389862061 -9.795108795166 -10.054705619812 -10.023233413696 -9.7148065567017 -9.2095174789429 -999 -999 -999 -999 -999 -999 -999 -999 -999 -999 -999 -999 -999 -999 -999 -999 -999 -999 -999 -999 -999 -999 -999 -999 -999 -999 -13.284377098083 -13.752230644226 -14.307035446167 -14.989081382751 -15.786823272705 -16.608444213867 -17.349433898926 -17.841753005981 -18.703596115112 -20.438282012939 -21.857807159424 -23.067192077637 -24.127954483032 -25.068855285645 -25.993448257446 -27.319034576416 -28.45810508728 -29.42635345459 -30.275594711304 -31.0501537323 -31.753316879272 -32.337261199951 -32.739307403564 -32.888820648193 -32.753406524658 -32.364074707031 -31.785524368286 -31.089923858643 -30.400207519531 -29.765941619873 -29.076574325562 -27.995346069336
-8.8387212753296 -9.1952428817749 -9.3661727905273 -9.3269100189209 -9.0925951004028 -8.7109851837158 -999 -999 -999 -999 -999 -999 -999 -999 -999 -999 -999 -999 -999 -999 -999 -999 -999 -999 -999 -999 -999 -11.034046173096 -999 -999 -12.492636680603 -12.985200881958 -13.480995178223 -13.991457939148 -14.552412986755 -15.182880401611 -15.868725776672 -16.567613601685 -17.218524932861 -17.851102828979 -18.828517913818 -20.251178741455 -21.671598434448 -22.955907821655 -24.111276626587 -25.160842895508 -26.243963241577 -27.495681762695 -28.69115447998 -29.749340057373 -30.686506271362 -31.532350540161 -32.293209075928 -32.940776824951 -33.394058227539 -33.522117614746 -33.249076843262 -32.647617340088 -31.833707809448 -30.875995635986 -29.96063041687 -29.233795166016 -28.380971908569 -27.189226150513
-8.4471874237061 -8.6912269592285 -8.7845783233643 -8.7243280410767 -8.530948638916 -8.239896774292 -999 -999 -999 -999 -999 -999 -999 -999 -999 -999 -999 -999 -999 -999 -999 -999 -999 -999 -999 -10.060946464539 -10.569144248962 -11.075734138489 -11.578677177429 -12.109521865845 -12.650677680969 -13.181299209595 -13.714143753052 -14.254199981689 -14.822445869446 -15.436027526855 -16.07608795166 -16.735092163086 -17.418098449707 -18.188722610474 -19.184337615967 -20.421222686768 -21.746063232422 -23.047538757324 -24.275684356689 -25.43123626709 -26.598184585571 -27.814189910889 -28.987186431885 -30.05274772644 -31.007888793945 -31.876279830933 -32.675296783447 -33.401519775391 -33.982257843018 -34.160415649414 -33.698722839355 -32.842750549316 -31.821756362915 -30.725923538208 -29.654521942139 -28.633804321289 -27.543905258179 -26.337057113647
-8.1175136566162 -8.2710065841675 -8.2864379882813 -8.1953868865967 -8.0269403457642 -999 -999 -999 -999 -999 -999 -999 -999 -999 -999 -999 -999 -999 -999 -999 -999 -999 -999 -9.0212736129761 -9.5343723297119 -10.062401771545 -10.603565216064 -11.14914894104 -11.697208404541 -12.271580696106 -12.851096153259 -13.416889190674 -13.980104446411 -14.541799545288 -15.129832267761 -15.74859046936 -16.379653930664 -17.035009384155 -17.746929168701 -18.565561294556 -19.554834365845 -20.715488433838 -21.976545333862 -23.285545349121 -24.560134887695 -25.771776199341 -26.969106674194 -28.162940979004 -29.29393196106 -30.315355300903 -31.22386932373 -32.047870635986 -32.822875976563 -33.579776763916 -34.325748443604 -34.790046691895 -33.927139282227 -32.801593780518 -31.629493713379 -30.457626342773 -29.244436264038 -27.973974227905 -26.693256378174 -25.404735565186
-7.8237638473511 -7.8886032104492 -7.8482270240784 -7.7256636619568 -7.572642326355 -999 -999 -999 -999 -999 -999 -999 -999 -999 -999 -999 -999 -999 -999 -999 -999 -999 -999 -8.9896764755249 -9.5233144760132 -10.080768585205 -10.65419960022 -11.240178108215 -11.842763900757 -12.460415840149 -13.081389427185 -13.686529159546 -14.28182888031 -14.870823860168 -15.481430053711 -16.110265731812 -16.745223999023 -17.401651382446 -18.11004447937 -18.92992401123 -19.912097930908 -21.056299209595 -22.277507781982 -23.625049591064 -24.91414642334 -26.139633178711 -27.334373474121 -28.493860244751 -29.57274055481 -30.513383865356 -31.313426971436 -32.012351989746 -32.666805267334 -33.307514190674 -33.911933898926 -34.158683776855 -33.477355957031 -32.324249267578 -31.119247436523 -29.935482025146 -28.651954650879 -27.162187576294 -25.75177192688 -24.373657226563
-7.5644559860229 -7.5711975097656 -7.48215675354 -7.3159966468811 -7.1616907119751 -999 -999 -999 -999 -999 -999 -999 -999 -999 -999 -999 -999 -999 -999 -999 -999 -999 -8.4418535232544 -8.9594717025757 -9.519211769104 -10.106718063354 -10.714873313904 -11.348801612854 -12.00710773468 -12.676829338074 -13.348783493042 -14.003714561462 -14.630997657776 -15.239499092102 -15.867565155029 -16.518663406372 -17.173524856567 -17.816867828369 -18.48278427124 -19.25414276123 -20.241540908813 -21.443344116211 -22.738510131836 -24.050689697266 -25.292987823486 -26.464122772217 -27.625755310059 -28.768072128296 -29.801959991455 -30.636405944824 -31.263444900513 -31.755771636963 -32.200328826904 -32.612739562988 -32.911376953125 -32.884552001953 -32.350021362305 -31.414905548096 -30.278064727783 -29.014644622803 -27.597599029541 -26.186098098755 -24.720331192017 -23.25959777832
-7.3589277267456 -7.3216042518616 -7.2138824462891 -7.0392022132874 -999 -999 -999 -999 -999 -999 -999 -999 -999 -999 -999 -999 -999 -999 -999 -999 -999 -7.8878841400146 -8.3818674087524 -8.9227647781372 -9.5103368759155 -10.13053894043 -10.783583641052 -11.472109794617 -12.180770874023 -12.908596038818 -13.642133712769 -14.360649108887 -15.032357215881 -15.642995834351 -16.285495758057 -17.001026153564 -17.686233520508 -18.30132484436 -18.887130737305 -19.525793075562 -20.520460128784 -21.872714996338 -23.21475982666 -24.491579055786 -25.632137298584 -26.656845092773 -27.766958236694 -28.919069290161 -29.96718788147 -30.688648223877 -31.064443588257 -31.272455215454 -31.474803924561 -31.655679702759 -31.738872528076 -31.595865249634 -31.123960494995 -30.32781791687 -29.288078308105 -28.051229476929 -26.661445617676 -25.186811447144 -23.659639358521 -22.120412826538
-7.2183494567871 -7.1646952629089 -7.0682263374329 -6.9400243759155 -999 -999 -999 -999 -999 -999 -999 -999 -999 -999 -999 -999 -999 -999 -999 -999 -7.3390936851501 -7.7941355705261 -8.3088407516479 -8.8752164840698 -9.4918832778931 -10.152490615845 -10.849986076355 -11.580231666565 -12.342067718506 -13.133285522461 -13.943511962891 -14.756245613098 -15.508946418762 -16.138031005859 -16.734817504883 -17.614221572876 -18.321821212769 -18.890653610229 -19.409811019897 -19.954885482788 -20.961109161377 -22.448268890381 -23.714445114136 -24.76881980896 -25.65513420105 -26.583360671997 -27.65398979187 -28.814851760864 -30.015254974365 -30.633373260498 -30.671056747437 -30.577896118164 -30.543336868286 -30.538822174072 -30.508060455322 -30.349977493286 -29.949600219727 -29.257144927979 -28.320327758789 -27.135921478271 -25.745830535889 -24.219970703125 -22.627876281738 -21.041721343994
