datos/01-EFM-Pronostico-de-Enero-2021-Lluvia/01_Enero/GRDS/01_2021_Prp.grd
DSAA
390 228
-118.47924025641 -86.14575974359
14.037283991228 32.871016008772
-999 270.07864379883
[rows 180 to 209 of 228, columns 132 to 197 of 390]
7.6279330253601 6.9179825782776 6.2166152000427 5.6059942245483 5.1954493522644 4.9683003425598 4.8288083076477 4.7145371437073 4.6067028045654 4.4985513687134 4.3928165435791 4.2941002845764 4.19380235672 4.0850691795349 3.9674887657166 3.8702306747437 3.8451399803162 3.8616013526917 3.9066390991211 3.9852809906006 4.0986838340759 4.2313551902771 4.3743343353271 4.5221033096313 4.6730899810791 4.8295431137085 4.9832181930542 5.0718011856079 5.0880160331726 5.1251134872437 5.187714099884 5.2577424049377 5.332154750824 5.4111661911011 5.4958639144897 5.5836868286133 5.6724810600281 5.7571125030518 5.8164577484131 5.8025336265564 5.7352766990662 5.6533985137939 5.5717029571533 5.5060801506042 5.4840235710144 5.5048260688782 5.5465669631958 5.6024994850159 5.6735363006592 5.7612943649292 5.8642983436584 -999 -999 6.2650003433228 6.4155669212341 6.5746207237244 6.7391638755798 6.9101223945618 7.0904083251953 7.2758803367615 7.4611978530884 7.6440968513489 7.8221106529236 7.9932250976563 8.1557779312134 8.3088102340698
7.3198990821838 6.5973591804504 5.9768466949463 5.4918060302734 5.140857219696 4.9146957397461 4.768358707428 4.6575603485107 4.5600457191467 4.4694485664368 4.3859829902649 4.3251323699951 4.2611474990845 4.1846294403076 4.0999898910522 4.0215072631836 4.0175037384033 4.0447897911072 4.0886445045471 4.1674175262451 4.2729473114014 4.4015107154846 4.5444383621216 4.6963353157043 4.8531761169434 5.0131912231445 5.1504149436951 5.2278838157654 5.2497382164001 5.283350944519 5.3438792228699 5.4039931297302 5.4673104286194 5.5361413955688 5.6103272438049 5.6878809928894 5.7626285552979 5.8261313438416 5.8683924674988 5.8676056861877 5.823187828064 5.7529263496399 5.6711497306824 5.5902714729309 5.5844407081604 5.631468296051 5.6868715286255 5.7523941993713 5.8304090499878 -999 -999 -999 -999 -999 6.5581560134888 6.7108545303345 6.871157169342 7.0353584289551 7.2061681747437 7.3808741569519 7.5569214820862 7.7316970825195 7.9028911590576 8.0685424804688 8.2261695861816 8.3755111694336
7.0873217582703 6.3370852470398 5.7670993804932 5.3917894363403 5.0956916809082 4.8929109573364 4.7548036575317 4.6556911468506 4.5737104415894 4.4886512756348 4.4214582443237 4.4042143821716 4.3751125335693 4.3325877189636 4.2795367240906 4.2321605682373 4.2168583869934 4.2300138473511 4.2674703598022 4.3373403549194 4.4387283325195 4.5610566139221 4.699481010437 4.8495254516602 5.0075645446777 5.1723780632019 5.3111867904663 5.3842000961304 5.4228515625 5.4530010223389 5.4915328025818 5.5344486236572 5.5822644233704 5.6369276046753 5.6994099617004 5.7671113014221 5.8315296173096 5.8864135742188 5.9235520362854 5.9327669143677 5.9081182479858 5.8585410118103 5.7939758300781 5.7325220108032 5.7306880950928 5.7768149375916 5.8358573913574 -999 -999 -999 -999 -999 -999 -999 -999 6.8497004508972 7.0042390823364 7.1629548072815 7.3259596824646 7.4922137260437 7.6594882011414 7.8265128135681 7.9917879104614 8.1524648666382 8.3067216873169 8.4545230865479
6.9096693992615 6.1455211639404 5.6779208183289 5.3367137908936 5.0833806991577 4.9042100906372 4.7799196243286 4.6998376846313 4.6398205757141 4.5859775543213 4.5516624450684 4.5447039604187 4.5356993675232 4.51930809021 4.4982442855835 4.4570565223694 4.4334573745728 4.4276447296143 4.4388914108276 4.4976358413696 4.5951061248779 4.7088694572449 4.8380947113037 4.9815020561218 5.1377744674683 5.2988772392273 5.442355632782 5.5385317802429 5.5893349647522 5.6123476028442 5.6271419525146 5.6476788520813 5.6757860183716 5.7142419815063 5.7652306556702 5.8260045051575 5.8880381584167 5.9386835098267 5.9750986099243 5.9990119934082 6.0022802352905 5.9784178733826 5.9362697601318 5.9035511016846 5.9036445617676 -999 -999 -999 -999 -999 -999 -999 -999 -999 -999 -999 7.1396856307983 7.2927594184875 7.4499001502991 7.6101999282837 7.7715644836426 7.9324045181274 8.091609954834 8.2476654052734 8.3989009857178 8.545018196106
6.844494342804 6.1106472015381 5.6389746665955 5.3114061355591 5.0898432731628 4.9370360374451 4.8351426124573 4.7784571647644 4.7481799125671 4.7348022460938 4.7302203178406 4.7316284179688 4.7294921875 4.7211294174194 4.7104005813599 4.6844034194946 4.655650138855 4.6356635093689 4.6303563117981 4.670238494873 4.7481245994568 4.8430957794189 4.9566020965576 5.0916404724121 5.2443714141846 5.4085359573364 5.5694580078125 5.6928782463074 5.7460422515869 5.7518615722656 5.7471861839294 5.7452282905579 5.752224445343 5.7724146842957 5.8127031326294 5.8736371994019 5.9351019859314 5.978066444397 6.0120301246643 6.0583324432373 6.1076927185059 6.1060929298401 -999 -999 -999 -999 -999 -999 -999 -999 -999 -999 -999 -999 -999 -999 7.2759556770325 7.4252600669861 7.5786395072937 7.7341904640198 7.8911213874817 8.0480813980103 8.2037372589111 8.3568572998047 8.5062837600708 8.6526479721069
6.7869853973389 6.0984807014465 5.6153836250305 5.2999892234802 5.1017036437988 4.9791874885559 4.9114813804626 4.8824300765991 4.885790348053 4.9088292121887 4.9302554130554 4.9475584030151 4.9547653198242 4.9497299194336 4.9414744377136 4.9161996841431 4.8815093040466 4.8505163192749 4.8368449211121 4.8523831367493 4.8960952758789 4.9632363319397 5.0538449287415 5.1743006706238 5.3245091438293 5.4976739883423 5.6802244186401 5.8515954017639 5.889365196228 5.8652324676514 5.8438029289246 5.8280491828918 5.816737651825 5.8149089813232 5.8417935371399 5.9171776771545 5.9940638542175 6.0092873573303 6.0167627334595 6.0881433486938 6.1972093582153 -999 -999 -999 -999 -999 -999 -999 -999 -999 -999 -999 -999 -999 -999 -999 -999 7.5600662231445 7.7103061676025 7.8625893592834 8.0162076950073 8.1699752807617 8.3231582641602 8.4746942520142 8.6247005462646 8.7726984024048
6.6777901649475 6.0418105125427 5.5820960998535 5.2957968711853 5.119402885437 5.0274739265442 4.9960851669312 5.0080780982971 5.0475759506226 5.1028709411621 5.1493754386902 5.1854028701782 5.2070560455322 5.2115950584412 5.1969408988953 5.1595430374146 5.1096992492676 5.0634341239929 5.0320901870728 5.0220561027527 5.0341482162476 5.0683226585388 5.1270651817322 5.2260222434998 5.3739652633667 5.5513415336609 5.7352738380432 5.9052829742432 5.9518938064575 5.9345993995667 5.9150977134705 5.8978390693665 5.8803720474243 5.855140209198 5.8446764945984 5.967029094696 6.1067914962769 6.0557193756104 5.9845356941223 6.0945081710815 -999 -999 -999 -999 -999 -999 -999 -999 -999 -999 -999 -999 -999 -999 -999 -999 -999 7.6989231109619 7.8457727432251 7.9951863288879 8.1461639404297 8.2982034683228 8.4502439498901 8.6010408401489 8.7516260147095 8.9011631011963
6.5460567474365 5.9646787643433 5.5466985702515 5.3024830818176 5.1472315788269 5.0820374488831 5.0901193618774 5.1512384414673 5.231192111969 5.3139982223511 5.3824381828308 5.43612241745 5.472592830658 5.4876108169556 5.4658908843994 5.4089345932007 5.334216594696 5.2653532028198 5.2114100456238 5.1767082214355 5.1616864204407 5.1647844314575 5.184009552002 5.2454371452332 5.4038429260254 5.5771827697754 5.7405552864075 5.8736734390259 5.9453711509705 5.9648599624634 5.9649333953857 5.9596400260925 5.9497656822205 5.9275989532471 5.9311766624451 6.0433392524719 6.1837553977966 6.189845085144 -999 -999 -999 -999 -999 -999 -999 -999 -999 -999 -999 -999 -999 -999 -999 -999 -999 -999 -999 -999 7.9854755401611 8.1327142715454 8.2822675704956 8.4328527450562 8.5835466384888 8.7351274490356 8.886625289917 9.0377645492554
6.4077472686768 5.8974351882935 5.5475559234619 5.3335103988647 5.1990585327148 5.1398935317993 5.1981377601624 5.3251490592957 5.440324306488 5.5379781723022 5.6178369522095 5.6855273246765 5.7429895401001 5.7726464271545 5.7432823181152 5.6535468101501 5.5428576469421 5.4457311630249 5.3683123588562 5.3131613731384 5.2788672447205 5.2630071640015 5.265796661377 5.3146409988403 5.4516968727112 5.6025409698486 5.7414813041687 5.8567833900452 5.9353647232056 5.9782228469849 5.9989676475525 6.0091223716736 6.0143322944641 6.0219321250916 6.0533051490784 6.1258172988892 -999 -999 -999 -999 -999 -999 -999 -999 -999 -999 -999 -999 -999 -999 -999 -999 -999 -999 -999 -999 -999 -999 8.1299772262573 8.2744789123535 8.4222202301025 8.5723056793213 8.7232513427734 8.8756685256958 9.0284786224365 9.1816844940186
6.2515659332275 5.8024635314941 5.5407319068909 5.39430809021 5.3100686073303 5.2565479278564 5.3785018920898 5.5534424781799 5.6789398193359 5.770583152771 5.8462514877319 5.9167451858521 5.9903283119202 6.0526642799377 6.0182032585144 5.8688998222351 5.7152118682861 5.5908207893372 5.4952220916748 5.4273228645325 5.383397102356 5.3638381958008 5.3738808631897 5.4265718460083 5.5223164558411 5.6390867233276 5.7535009384155 5.8557720184326 5.9345140457153 5.9891057014465 6.0263438224792 6.0525884628296 6.0754218101501 6.1025943756104 6.1436805725098 6.2003493309021 -999 -999 -999 -999 -999 -999 -999 -999 -999 -999 -999 -999 -999 -999 -999 -999 -999 -999 -999 -999 -999 -999 -999 8.4220180511475 8.567421913147 8.7155599594116 8.8672494888306 9.0204925537109 9.175365447998 9.3329238891602
6.0941290855408 5.6907868385315 5.5535597801208 5.4921050071716 5.4935336112976 5.5662980079651 5.729389667511 5.8440699577332 5.9335021972656 5.9983839988708 6.04767370224 6.0978765487671 6.1630969047546 6.2540249824524 6.2246685028076 5.9996018409729 5.8214182853699 5.6863389015198 5.5858759880066 5.5150136947632 5.4735999107361 5.4592523574829 5.4735088348389 5.518340587616 5.5916352272034 5.6819477081299 5.7765603065491 5.8673963546753 5.9427371025085 6.0042510032654 6.0533924102783 6.0943384170532 6.1323742866516 6.1725397109985 6.2202706336975 -999 -999 -999 -999 -999 -999 -999 -999 -999 -999 -999 -999 -999 -999 -999 -999 -999 -999 -999 -999 -999 -999 -999 -999 -999 -999 -999 9.0192441940308 9.1733827590942 9.3301763534546 -999
6.0648036003113 5.7397966384888 5.6255798339844 5.6146793365479 5.6809854507446 5.8288683891296 6.024338722229 6.1091918945313 6.1809434890747 6.2001643180847 6.2026863098145 6.2092962265015 6.2251453399658 6.2325463294983 6.1580181121826 5.9997224807739 5.8463506698608 5.7286329269409 5.6412553787231 5.5824980735779 5.5485105514526 5.5380277633667 5.5524444580078 5.5914793014526 5.6511836051941 5.7255339622498 5.8066029548645 5.8878679275513 5.9617676734924 6.0276074409485 6.0856857299805 6.1379933357239 6.1872777938843 6.2378911972046 6.2907958030701 -999 -999 -999 -999 -999 -999 -999 -999 -999 -999 -999 -999 -999 -999 -999 -999 -999 -999 -999 -999 -999 -999 -999 -999 -999 -999 -999 -999 -999 -999 -999
6.0577874183655 5.8112502098083 5.7160849571228 5.7282185554504 5.8251791000366 5.9854636192322 6.1774349212646 6.3640637397766 6.4161653518677 6.3531875610352 6.2953553199768 6.2518219947815 6.2125859260559 6.157612323761 6.0591788291931 5.9271669387817 5.8149495124817 5.7330780029297 5.6705455780029 5.6269617080688 5.6017718315125 5.5976643562317 5.6136140823364 5.6487593650818 5.7013101577759 5.7660584449768 5.8379445075989 5.9133648872375 5.9869775772095 6.0564198493958 6.1213803291321 6.1819000244141 6.2406115531921 6.2992105484009 -999 -999 -999 -999 -999 -999 -999 -999 -999 -999 -999 -999 -999 -999 -999 -999 -999 -999 -999 -999 -999 -999 -999 -999 -999 -999 -999 -999 -999 -999 -999 -999
6.0157012939453 5.8448715209961 5.7820553779602 5.8094096183777 5.9111371040344 6.0693521499634 6.275306224823 6.5107865333557 6.5209808349609 6.4083247184753 6.3162121772766 6.2397837638855 6.1656537055969 6.0789699554443 5.9684057235718 5.8294787406921 5.7655620574951 5.7201495170593 5.6794257164001 5.6513447761536 5.6379990577698 5.6401581764221 5.6587610244751 5.6933622360229 5.7412042617798 5.8009300231934 5.8694839477539 5.9431204795837 6.0177764892578 6.0901956558228 6.1599817276001 6.2280087471008 6.2941498756409 6.3601999282837 -999 -999 -999 -999 -999 -999 -999 -999 -999 -999 -999 -999 -999 -999 -999 -999 -999 -999 -999 -999 -999 -999 -999 -999 -999 -999 -999 -999 -999 -999 -999 -999
5.980128288269 5.8575191497803 5.817572593689 5.8516435623169 5.9417533874512 6.0769858360291 6.2390327453613 6.3753294944763 6.4063267707825 6.3473906517029 6.2635402679443 6.1783866882324 6.0934562683105 6.0013284683228 5.9005217552185 5.8041276931763 5.7416076660156 5.7040481567383 5.6777839660645 5.6626968383789 5.6589035987854 5.6681036949158 5.6894254684448 5.7246584892273 5.7726006507874 5.832145690918 5.9015340805054 5.9756536483765 6.0511250495911 6.1267371177673 6.2015166282654 6.2756066322327 6.3488059043884 6.422375202179 -999 -999 -999 -999 -999 -999 -999 -999 -999 -999 -999 -999 -999 -999 -999 -999 -999 -999 -999 -999 -999 -999 -999 -999 -999 -999 -999 -999 -999 -999 -999 -999
5.9554085731506 5.8552632331848 5.8281116485596 5.8573756217957 5.9292430877686 6.0318241119385 6.1424970626831 6.225613117218 6.2544260025024 6.2264809608459 6.1625552177429 6.0860342979431 6.0052318572998 5.9219903945923 5.8401732444763 5.7696561813354 5.7187170982361 5.687509059906 5.6710066795349 5.6646838188171 5.6676878929138 5.6818962097168 5.7081923484802 5.747190952301 5.7987823486328 5.8618245124817 5.9321489334106 6.0078139305115 6.0857653617859 6.1656541824341 6.245774269104 6.3256464004517 6.4054808616638 6.4861135482788 -999 -999 -999 -999 -999 -999 -999 -999 -999 -999 -999 -999 -999 -999 -999 -999 -999 -999 -999 -999 -999 -999 -999 -999 -999 -999 -999 -999 -999 -999 -999 -999
5.9101419448853 5.8291850090027 5.8075776100159 5.8296666145325 5.8843097686768 5.9577679634094 6.0326943397522 6.0848140716553 6.1049394607544 6.0891008377075 6.0400533676147 5.9736104011536 5.9023451805115 5.8352556228638 5.7743134498596 5.7236838340759 5.6861658096313 5.6635947227478 5.6561613082886 5.6583833694458 5.6693992614746 5.6910996437073 5.723982334137 5.767557144165 5.8233842849731 5.8890695571899 5.9617352485657 6.0405473709106 6.1228728294373 6.2074990272522 6.292986869812 6.3790144920349 6.4655160903931 -999 -999 -999 -999 -999 -999 -999 -999 -999 -999 -999 -999 -999 -999 -999 -999 -999 -999 -999 -999 -999 -999 -999 -999 -999 -999 -999 -999 -999 -999 -999 -999 -999
5.8449945449829 5.7813363075256 5.7635998725891 5.7816410064697 5.8219728469849 5.872974395752 5.9228405952454 5.9576687812805 5.9675016403198 5.9530625343323 5.9118905067444 5.8538489341736 5.7936854362488 5.7419967651367 5.7013983726501 5.6701788902283 5.6468033790588 5.6360645294189 5.6406316757202 5.6519455909729 5.6714024543762 5.6997346878052 5.7374439239502 5.785680770874 5.8452820777893 5.9145975112915 5.9913482666016 6.0749864578247 6.1623058319092 6.2525281906128 6.3443474769592 6.4359521865845 -999 -999 -999 -999 -999 -999 -999 -999 -999 -999 -999 -999 -999 -999 -999 -999 -999 -999 -999 -999 -999 -999 -999 -999 -999 -999 -999 -999 -999 -999 -999 -999 -999 -999
5.7666296958923 5.7198553085327 5.7103977203369 5.723258972168 5.7525882720947 5.7884483337402 5.8222069740295 5.84401512146 5.846559047699 5.8294954299927 5.7894835472107 5.7340931892395 5.6817483901978 5.6493968963623 5.631245136261 5.6207327842712 5.6150231361389 5.6182789802551 5.6303730010986 5.6483206748962 5.6733365058899 5.7066764831543 5.7492260932922 5.8028564453125 5.8665709495544 5.9400644302368 6.0226397514343 6.1119999885559 6.2055358886719 6.301504611969 6.3990335464478 6.4977679252625 -999 -999 -999 -999 -999 -999 -999 -999 -999 -999 -999 -999 -999 -999 -999 -999 -999 -999 -999 -999 -999 -999 -999 -999 -999 -999 -999 -999 -999 -999 -999 -999 -999 -999
5.6863470077515 5.6565012931824 5.6521191596985 5.6625266075134 5.6832976341248 5.7109317779541 5.7333559989929 5.7456312179565 5.7438840866089 5.7252373695374 5.6858692169189 5.6284694671631 5.5696339607239 5.565779209137 5.5758628845215 5.5832061767578 5.5921545028687 5.6056222915649 5.624692440033 5.6485438346863 5.6786546707153 5.7164025306702 5.7633776664734 5.8204755783081 5.8886332511902 5.9680390357971 6.0570306777954 6.152596950531 6.2521710395813 6.3552184104919 6.4595899581909 6.5651125907898 -999 -999 -999 -999 -999 -999 -999 -999 -999 -999 -999 -999 -999 -999 -999 -999 -999 -999 -999 -999 -999 -999 -999 -999 -999 -999 -999 -999 -999 -999 -999 -999 -999 -999
5.6115918159485 5.5937528610229 5.5938558578491 5.6050672531128 5.6229333877563 5.6425909996033 5.6595978736877 5.6672334671021 5.66339635849 5.6462235450745 5.6121258735657 5.5633540153503 5.5157027244568 5.5217843055725 5.5436339378357 5.5634417533875 5.5832161903381 5.6041460037231 5.6283588409424 5.6569023132324 5.6903009414673 5.7304110527039 5.7792053222656 5.8394260406494 5.9128766059875 5.9985899925232 6.0945754051208 6.1979050636292 6.3054161071777 6.4152913093567 6.5267596244812 -999 -999 -999 -999 -999 -999 -999 -999 -999 -999 -999 -999 -999 -999 -999 -999 -999 -999 -999 -999 -999 -999 -999 -999 -999 -999 -999 -999 -999 -999 -999 -999 -999 -999 -999
5.548107624054 5.5392503738403 5.5443067550659 5.5560140609741 5.5731773376465 5.5900897979736 5.6031165122986 5.6109390258789 5.6070508956909 5.5928993225098 5.568076133728 5.5386362075806 5.5165314674377 5.5189037322998 5.5382971763611 5.563636302948 5.5890421867371 5.6155524253845 5.6444277763367 5.6751685142517 5.7096853256226 5.7499666213989 5.7991542816162 5.8613481521606 5.9394702911377 6.0332379341125 6.1386523246765 6.2504134178162 6.3661370277405 -999 -999 -999 -999 -999 -999 -999 -999 -999 -999 -999 -999 -999 -999 -999 -999 -999 -999 -999 -999 -999 -999 -999 -999 -999 -999 -999 -999 -999 -999 -999 -999 -999 -999 -999 -999 -999
5.501802444458 5.5007982254028 5.5094685554504 5.5233697891235 5.5394177436829 5.5540175437927 5.5654692649841 5.5721802711487 5.5709834098816 5.5627679824829 5.5492558479309 5.5345988273621 5.5257983207703 5.5316338539124 5.5517826080322 5.5790014266968 5.6094241142273 5.6403307914734 5.6728649139404 5.7060732841492 5.7413372993469 5.7802481651306 5.8268876075745 5.8875503540039 5.9704542160034 6.0746202468872 6.1912369728088 -999 -999 -999 -999 -999 -999 -999 -999 -999 -999 -999 -999 -999 -999 -999 -999 -999 -999 -999 -999 -999 -999 -999 -999 -999 -999 -999 -999 -999 -999 -999 -999 -999 -999 -999 -999 -999 -999 -999
5.4762125015259 5.4821763038635 5.4938611984253 5.5078716278076 5.5218200683594 5.5361247062683 5.546618938446 5.5523705482483 5.5548419952393 5.5521202087402 5.5471739768982 5.5435457229614 5.5442261695862 5.5559930801392 5.5785765647888 5.6085395812988 5.6431341171265 5.679651260376 5.716212272644 5.7533383369446 5.7903566360474 5.8279118537903 5.8686547279358 5.9210662841797 6.0100317001343 -999 -999 -999 -999 -999 -999 -999 -999 -999 -999 -999 -999 -999 -999 -999 -999 -999 -999 -999 -999 -999 -999 -999 -999 -999 -999 -999 -999 -999 -999 -999 -999 -999 -999 -999 -999 -999 -999 -999 -999 -999
5.4792146682739 5.4879379272461 5.5002040863037 5.5119514465332 5.5260062217712 5.5384554862976 5.5479364395142 5.5546350479126 5.5575046539307 5.5599088668823 5.5614190101624 5.5653409957886 5.5736503601074 5.5907917022705 5.6171736717224 5.6522064208984 5.6929836273193 5.7348680496216 5.7772574424744 5.8194813728333 5.8599414825439 5.8986067771912 5.9362826347351 5.9727306365967 -999 -999 -999 -999 -999 -999 -999 -999 -999 -999 -999 -999 -999 -999 -999 -999 -999 -999 -999 -999 -999 -999 -999 -999 -999 -999 -999 -999 -999 -999 -999 -999 -999 -999 -999 -999 -999 -999 -999 -999 -999 -999
5.5100612640381 5.519296169281 5.5293235778809 5.5402245521545 5.5514297485352 5.5619444847107 5.5705618858337 5.5771765708923 5.5812454223633 5.5874938964844 5.5938711166382 5.6013178825378 5.6145935058594 5.6369667053223 5.6696748733521 5.7113275527954 5.75843334198 5.8068609237671 5.8556785583496 5.9035677909851 5.9502520561218 5.9960408210754 6.0438876152039 6.1027917861938 -999 -999 -999 -999 -999 -999 -999 -999 -999 -999 -999 -999 -999 -999 -999 -999 -999 -999 -999 -999 -999 -999 -999 -999 -999 -999 -999 -999 -999 -999 -999 -999 -999 -999 -999 -999 -999 -999 -999 -999 -999 -999
5.5738434791565 5.5790076255798 5.5842399597168 5.5900263786316 5.5967631340027 5.6042456626892 5.6116495132446 5.6189556121826 5.625593662262 5.6340188980103 5.6435885429382 5.6532320976257 5.6678066253662 5.695246219635 5.7352504730225 5.7851467132568 5.8404612541199 5.8963871002197 5.9518313407898 6.0066699981689 6.0611863136292 6.1176333427429 -999 -999 -999 -999 -999 -999 -999 -999 -999 -999 -999 -999 -999 -999 -999 -999 -999 -999 -999 -999 -999 -999 -999 -999 -999 -999 -999 -999 -999 -999 -999 -999 -999 -999 -999 -999 -999 -999 -999 -999 -999 -999 -999 -999
5.6653141975403 5.6621928215027 5.6600484848022 5.6586618423462 5.659469127655 5.6630525588989 5.6696515083313 5.6784715652466 5.6886849403381 5.6991820335388 5.7115240097046 5.7219262123108 5.7342820167542 5.7655086517334 5.8172602653503 5.8788962364197 5.9414138793945 6.0037035942078 6.0656723976135 6.1278438568115 6.191285610199 -999 -999 -999 -999 -999 -999 -999 -999 -999 -999 -999 -999 -999 -999 -999 -999 -999 -999 -999 -999 -999 -999 -999 -999 -999 -999 -999 -999 -999 -999 -999 -999 -999 -999 -999 -999 -999 -999 -999 -999 -999 -999 -999 -999 -999
5.7801308631897 5.7655487060547 5.7540864944458 5.7447428703308 5.7394194602966 5.7390341758728 5.7446827888489 5.755645275116 5.7696776390076 5.7850399017334 5.800733089447 5.8135313987732 5.8205170631409 5.8550114631653 5.9238429069519 5.9941372871399 6.0633940696716 6.1309494972229 6.1990914344788 -999 -999 -999 -999 -999 -999 -999 -999 -999 -999 -999 -999 -999 -999 -999 -999 -999 -999 -999 -999 -999 -999 -999 -999 -999 -999 -999 -999 -999 -999 -999 -999 -999 -999 -999 -999 -999 -999 -999 -999 -999 -999 -999 -999 -999 -999 -999
5.9151859283447 5.8888597488403 5.8665843009949 5.8478002548218 5.8345532417297 5.8300833702087 5.8353800773621 5.8495573997498 5.8690996170044 5.8917999267578 5.914701461792 5.9363775253296 5.9576601982117 5.9982957839966 6.0631694793701 6.1349506378174 6.2068104743958 6.2785105705261 -999 -999 -999 -999 -999 -999 -999 -999 -999 -999 -999 -999 -999 -999 -999 -999 -999 -999 -999 -999 -999 -999 -999 -999 -999 -999 -999 -999 -999 -999 -999 -999 -999 -999 -999 -999 -999 -999 -999 -999 -999 -999 -999 -999 -999 -999 -999 -999
