datos/01-EFM-Pronostico-de-Enero-2021-Lluvia/01_Enero/GRDS/01_2021_Apor.grd
DSAA
390 228
-118.47924025641 -86.14575974359
14.037283991228 32.871016008772
-999 228.46798706055
[rows 180 to 209 of 228, columns 132 to 197 of 390]
41.83517074585 41.826915740967 41.12638092041 39.962970733643 38.946174621582 38.414329528809 38.049060821533 37.680309295654 37.247360229492 36.77685546875 36.288642883301 35.815414428711 35.33012008667 34.824108123779 34.305442810059 33.106388092041 32.370315551758 32.104373931885 32.211273193359 32.817398071289 33.811256408691 35.075954437256 36.595275878906 38.351867675781 40.320152282715 42.453872680664 44.597011566162 45.928703308105 46.302757263184 46.56173324585 46.736419677734 46.92435836792 47.143329620361 47.387954711914 47.642528533936 47.880725860596 48.092281341553 48.275211334229 48.416408538818 48.480396270752 48.536968231201 48.691669464111 48.979152679443 49.38744354248 49.888286590576 50.462451934814 51.094638824463 51.840023040771 52.707592010498 53.695858001709 54.77698135376 -999 -999 58.083930969238 58.970188140869 59.631935119629 59.988624572754 60.019317626953 59.802173614502 59.440170288086 59.008678436279 58.544311523438 58.077136993408 57.62126159668 57.180038452148 56.768360137939
40.955730438232 40.943710327148 40.555492401123 39.883167266846 39.147308349609 38.635345458984 38.284038543701 37.972244262695 37.617645263672 37.263580322266 36.891014099121 36.621044158936 36.343421936035 36.044845581055 35.642234802246 34.76859664917 34.37650680542 34.253837585449 34.330009460449 34.829574584961 35.688175201416 36.870616912842 38.326000213623 40.04125213623 41.983825683594 44.083641052246 45.943599700928 47.057609558105 47.561782836914 47.777317047119 47.837871551514 47.936038970947 48.081062316895 48.270133972168 48.479522705078 48.675300598145 48.816333770752 48.889015197754 48.929096221924 48.955570220947 49.008113861084 49.183521270752 49.539394378662 50.070510864258 50.619812011719 51.186019897461 51.846088409424 52.604957580566 53.457256317139 -999 -999 -999 -999 -999 58.87818145752 59.43049621582 59.753959655762 59.81856918335 59.693199157715 59.429092407227 59.084716796875 58.70287322998 58.3076171875 57.912136077881 57.512382507324 57.131916046143
40.357856750488 40.301345825195 40.100841522217 39.777168273926 39.290225982666 38.915168762207 38.6344871521 38.414371490479 38.18172454834 37.873031616211 37.602153778076 37.499935150146 37.364624023438 37.181316375732 36.867816925049 36.411106109619 36.115798950195 36.033737182617 36.151859283447 36.597827911377 37.368091583252 38.441509246826 39.790832519531 41.400657653809 43.241836547852 45.277038574219 47.014366149902 47.808628082275 48.284698486328 48.498443603516 48.59546661377 48.69176864624 48.823757171631 49.003498077393 49.210968017578 49.401714324951 49.507690429688 49.5087890625 49.429523468018 49.329811096191 49.312355041504 49.510898590088 49.952716827393 50.526920318604 51.138938903809 51.773300170898 52.468658447266 -999 -999 -999 -999 -999 -999 -999 -999 59.286563873291 59.574317932129 59.669948577881 59.594783782959 59.4010887146 59.129810333252 58.811729431152 58.473526000977 58.125885009766 57.774997711182 57.44021987915
40.001304626465 39.752819061279 39.760440826416 39.707248687744 39.488960266113 39.266719818115 39.09245300293 38.995147705078 38.902687072754 38.733703613281 38.597148895264 38.526187896729 38.43921661377 38.340621948242 38.236804962158 37.934154510498 37.706161499023 37.612777709961 37.709293365479 38.119983673096 38.808155059814 39.755920410156 40.954010009766 42.39786529541 44.05237197876 45.793621063232 47.276443481445 48.199077606201 48.731056213379 48.987228393555 49.105621337891 49.218776702881 49.373249053955 49.595390319824 49.865627288818 50.113021850586 50.248180389404 50.18310546875 49.937091827393 49.641956329346 49.499366760254 49.70597076416 50.195377349854 50.836891174316 51.529708862305 -999 -999 -999 -999 -999 -999 -999 -999 -999 -999 -999 59.454765319824 59.560081481934 59.528450012207 59.389568328857 59.17972946167 58.921710968018 58.634506225586 58.331932067871 58.021675109863 57.721218109131
39.847358703613 39.675304412842 39.639373779297 39.664516448975 39.678844451904 39.66051864624 39.630271911621 39.672164916992 39.731616973877 39.744304656982 39.718318939209 39.65454864502 39.540180206299 39.39916229248 39.383899688721 39.268672943115 39.113025665283 39.035739898682 39.109127044678 39.442024230957 40.006988525391 40.790386199951 41.804763793945 43.065937042236 44.515327453613 46.032314300537 47.408779144287 48.426860809326 49.008819580078 49.291431427002 49.438598632813 49.564102172852 49.762439727783 50.064903259277 50.460922241211 50.868118286133 51.099231719971 50.984424591064 50.542892456055 49.970008850098 49.535747528076 49.784080505371 -999 -999 -999 -999 -999 -999 -999 -999 -999 -999 -999 -999 -999 -999 59.376518249512 59.487468719482 59.489791870117 59.402416229248 59.246040344238 59.041851043701 58.80590057373 58.549045562744 58.280693054199 58.015510559082
39.688095092773 39.60661315918 39.587772369385 39.629524230957 39.846755981445 40.023487091064 40.229286193848 40.417636871338 40.632781982422 40.818920135498 40.879741668701 40.857307434082 40.754592895508 40.601997375488 40.573471069336 40.511043548584 40.391761779785 40.312961578369 40.358795166016 40.586948394775 40.980922698975 41.576301574707 42.381183624268 43.442527770996 44.736747741699 46.146625518799 47.498676300049 48.64319229126 49.221031188965 49.467544555664 49.623958587646 49.767890930176 49.997718811035 50.405502319336 50.985401153564 51.697380065918 52.208141326904 52.051071166992 51.349281311035 50.533615112305 49.785354614258 -999 -999 -999 -999 -999 -999 -999 -999 -999 -999 -999 -999 -999 -999 -999 -999 59.452217102051 59.481323242188 59.43444442749 59.325740814209 59.169048309326 58.978580474854 58.761425018311 58.532405853271 58.303680419922
39.450378417969 39.336734771729 39.345367431641 39.595809936523 39.996063232422 40.396076202393 40.824279785156 41.243515014648 41.620929718018 41.944446563721 42.079696655273 42.114864349365 42.072662353516 41.981960296631 41.888977050781 41.756809234619 41.594638824463 41.471702575684 41.44815826416 41.557441711426 41.788688659668 42.168640136719 42.725681304932 43.585597991943 44.802856445313 46.169616699219 47.471424102783 48.596546173096 49.206489562988 49.515113830566 49.715270996094 49.854427337646 50.092304229736 50.634304046631 51.327518463135 52.488346099854 53.614261627197 53.409923553467 52.266834259033 51.482875823975 -999 -999 -999 -999 -999 -999 -999 -999 -999 -999 -999 -999 -999 -999 -999 -999 -999 59.463611602783 59.508865356445 59.49382019043 59.421054840088 59.303276062012 59.154998779297 58.975593566895 58.784370422363 58.591987609863
39.263145446777 39.111167907715 39.173828125 39.676406860352 40.221988677979 40.814823150635 41.474361419678 42.15234375 42.704364776611 43.114574432373 43.308174133301 43.380313873291 43.369201660156 43.321479797363 43.187068939209 42.965320587158 42.710357666016 42.509822845459 42.402572631836 42.405097961426 42.49919128418 42.690063476563 42.963001251221 43.525802612305 44.819606781006 46.155910491943 47.367713928223 48.366031646729 49.068523406982 49.508266448975 49.803112030029 50.009838104248 50.263313293457 50.976879119873 51.826957702637 53.040054321289 54.271125793457 54.498950958252 -999 -999 -999 -999 -999 -999 -999 -999 -999 -999 -999 -999 -999 -999 -999 -999 -999 -999 -999 -999 59.577518463135 59.580444335938 59.537120819092 59.454235076904 59.3385887146 59.19401550293 59.039115905762 58.880458831787
39.225952148438 39.218257904053 39.48401260376 40.034210205078 40.647155761719 41.28698348999 42.211055755615 43.213012695313 43.910491943359 44.325458526611 44.506984710693 44.571128845215 44.613670349121 44.596977233887 44.422473907471 44.082511901855 43.703498840332 43.411170959473 43.226627349854 43.153091430664 43.169960021973 43.267208099365 43.450176239014 43.933723449707 45.068420410156 46.262302398682 47.350978851318 48.276775360107 49.009178161621 49.553146362305 49.966167449951 50.334762573242 50.793933868408 51.465614318848 52.311553955078 53.270984649658 -999 -999 -999 -999 -999 -999 -999 -999 -999 -999 -999 -999 -999 -999 -999 -999 -999 -999 -999 -999 -999 -999 59.676040649414 59.695693969727 59.673030853271 59.620208740234 59.529876708984 59.41898727417 59.296321868896 59.168483734131
39.27660369873 39.403938293457 39.912052154541 40.655944824219 41.441818237305 42.101078033447 43.303993225098 44.503421783447 45.242160797119 45.559326171875 45.637878417969 45.639144897461 45.699279785156 45.767631530762 45.564594268799 45.031055450439 44.515747070313 44.138919830322 43.907241821289 43.807037353516 43.809566497803 43.921909332275 44.196762084961 44.74002456665 45.568946838379 46.53938293457 47.482227325439 48.343448638916 49.07201385498 49.665664672852 50.17554473877 50.658031463623 51.199230194092 51.858577728271 52.624126434326 53.392360687256 -999 -999 -999 -999 -999 -999 -999 -999 -999 -999 -999 -999 -999 -999 -999 -999 -999 -999 -999 -999 -999 -999 -999 59.847309112549 59.844116210938 59.804290771484 59.737255096436 59.654193878174 59.562892913818 59.473968505859
39.433525085449 39.638847351074 40.490268707275 41.500408172607 42.592594146729 43.795379638672 45.154109954834 46.082511901855 46.639053344727 46.796669006348 46.643569946289 46.468845367432 46.489070892334 46.63383102417 46.427593231201 45.640293121338 45.045276641846 44.658428192139 44.441711425781 44.361995697021 44.410526275635 44.586387634277 44.919097900391 45.434104919434 46.11234664917 46.90306854248 47.721736907959 48.508121490479 49.202926635742 49.82292175293 50.392883300781 50.952205657959 51.545017242432 52.185276031494 52.865203857422 -999 -999 -999 -999 -999 -999 -999 -999 -999 -999 -999 -999 -999 -999 -999 -999 -999 -999 -999 -999 -999 -999 -999 -999 -999 -999 -999 59.975639343262 59.919570922852 59.850982666016 -999
40.03120803833 40.407085418701 41.298805236816 42.451328277588 43.763874053955 45.27986907959 46.782821655273 47.608985900879 48.068538665771 47.964550018311 47.533050537109 47.098831176758 46.935974121094 46.807746887207 46.426860809326 45.769004821777 45.25707244873 44.969223022461 44.841079711914 44.846477508545 44.964302062988 45.187881469727 45.53645324707 46.016464233398 46.618961334229 47.306560516357 48.03092956543 48.741092681885 49.41381072998 50.046455383301 50.652431488037 51.250095367432 51.854850769043 52.47762298584 53.09655380249 -999 -999 -999 -999 -999 -999 -999 -999 -999 -999 -999 -999 -999 -999 -999 -999 -999 -999 -999 -999 -999 -999 -999 -999 -999 -999 -999 -999 -999 -999 -999
40.752479553223 41.261142730713 42.153347015381 43.31335067749 44.712265014648 46.29150390625 47.887504577637 49.278049468994 49.535747528076 48.949600219727 48.238460540771 47.633499145508 47.162738800049 46.733722686768 46.183258056641 45.571411132813 45.235908508301 45.142570495605 45.155815124512 45.259223937988 45.437915802002 45.70662689209 46.069702148438 46.534076690674 47.09553527832 47.716094970703 48.366092681885 49.031745910645 49.68537902832 50.322624206543 50.942699432373 51.548698425293 52.151424407959 52.749565124512 -999 -999 -999 -999 -999 -999 -999 -999 -999 -999 -999 -999 -999 -999 -999 -999 -999 -999 -999 -999 -999 -999 -999 -999 -999 -999 -999 -999 -999 -999 -999 -999
41.368637084961 41.967288970947 42.846904754639 43.967971801758 45.328575134277 46.870826721191 48.55212020874 50.211437225342 50.221378326416 49.390693664551 48.578327178955 47.845012664795 47.209583282471 46.605579376221 45.96374130249 45.23221206665 45.179191589355 45.296207427979 45.425735473633 45.614028930664 45.85623550415 46.157646179199 46.543586730957 47.004776000977 47.524730682373 48.108936309814 48.728885650635 49.367683410645 50.010643005371 50.639503479004 51.254234313965 51.858337402344 52.449905395508 53.028778076172 -999 -999 -999 -999 -999 -999 -999 -999 -999 -999 -999 -999 -999 -999 -999 -999 -999 -999 -999 -999 -999 -999 -999 -999 -999 -999 -999 -999 -999 -999 -999 -999
41.866355895996 42.479084014893 43.317832946777 44.379241943359 45.611408233643 46.972087860107 48.331550598145 49.358589172363 49.570682525635 49.1266746521 48.44144821167 47.754161834717 47.098487854004 46.484767913818 45.913372039795 45.476795196533 45.373870849609 45.492813110352 45.685901641846 45.930736541748 46.212753295898 46.559535980225 46.9489402771 47.404735565186 47.924648284912 48.497467041016 49.113929748535 49.739311218262 50.361553192139 50.977245330811 51.581562042236 52.17427444458 52.754222869873 53.315441131592 -999 -999 -999 -999 -999 -999 -999 -999 -999 -999 -999 -999 -999 -999 -999 -999 -999 -999 -999 -999 -999 -999 -999 -999 -999 -999 -999 -999 -999 -999 -999 -999
42.213085174561 42.82356262207 43.628692626953 44.576667785645 45.636810302734 46.756980895996 47.760589599609 48.456451416016 48.679500579834 48.462669372559 47.965900421143 47.391647338867 46.836334228516 46.315605163574 45.894523620605 45.643737792969 45.60612487793 45.736309051514 45.952987670898 46.207904815674 46.507537841797 46.868267059326 47.287822723389 47.770694732666 48.308631896973 48.890171051025 49.497161865234 50.113914489746 50.721027374268 51.325199127197 51.919525146484 52.499156951904 53.063488006592 53.609085083008 -999 -999 -999 -999 -999 -999 -999 -999 -999 -999 -999 -999 -999 -999 -999 -999 -999 -999 -999 -999 -999 -999 -999 -999 -999 -999 -999 -999 -999 -999 -999 -999
42.429683685303 43.02709197998 43.768741607666 44.59298324585 45.492092132568 46.37780380249 47.111885070801 47.60763168335 47.783634185791 47.664260864258 47.304237365723 46.835689544678 46.384105682373 46.017349243164 45.767894744873 45.676361083984 45.747875213623 45.922729492188 46.146835327148 46.418407440186 46.755710601807 47.162220001221 47.628944396973 48.142032623291 48.699878692627 49.286727905273 49.886566162109 50.493804931641 51.095325469971 51.68709564209 52.265739440918 52.834861755371 53.384914398193 -999 -999 -999 -999 -999 -999 -999 -999 -999 -999 -999 -999 -999 -999 -999 -999 -999 -999 -999 -999 -999 -999 -999 -999 -999 -999 -999 -999 -999 -999 -999 -999 -999
42.555099487305 43.121757507324 43.78685760498 44.508911132813 45.254940032959 45.93420791626 46.472282409668 46.819149017334 46.937301635742 46.84220123291 46.552722930908 46.161602020264 45.817535400391 45.588920593262 45.496746063232 45.557468414307 45.763412475586 46.033279418945 46.287300109863 46.606735229492 47.000545501709 47.457958221436 47.965507507324 48.509841918945 49.086231231689 49.682136535645 50.281936645508 50.883949279785 51.476078033447 52.058223724365 52.630100250244 53.176662445068 -999 -999 -999 -999 -999 -999 -999 -999 -999 -999 -999 -999 -999 -999 -999 -999 -999 -999 -999 -999 -999 -999 -999 -999 -999 -999 -999 -999 -999 -999 -999 -999 -999 -999
42.615188598633 43.1516456604 43.763847351074 44.379653930664 44.976169586182 45.490909576416 45.879570007324 46.100673675537 46.161903381348 46.063117980957 45.787643432617 45.419883728027 45.138664245605 45.063255310059 45.145072937012 45.346782684326 45.646755218506 45.999755859375 46.364105224609 46.763069152832 47.217582702637 47.730499267578 48.286720275879 48.875244140625 49.477516174316 50.082790374756 50.687831878662 51.287055969238 51.873725891113 52.440620422363 52.989814758301 53.522201538086 -999 -999 -999 -999 -999 -999 -999 -999 -999 -999 -999 -999 -999 -999 -999 -999 -999 -999 -999 -999 -999 -999 -999 -999 -999 -999 -999 -999 -999 -999 -999 -999 -999 -999
42.66771697998 43.183826446533 43.721618652344 44.235328674316 44.697792053223 45.079814910889 45.337600708008 45.466941833496 45.477897644043 45.365776062012 45.089672088623 44.706924438477 44.370952606201 44.511577606201 44.797462463379 45.114044189453 45.490062713623 45.918437957764 46.38102722168 46.884265899658 47.424831390381 48.007469177246 48.623825073242 49.251850128174 49.882556915283 50.50394821167 51.114364624023 51.704238891602 52.269359588623 52.822784423828 53.358413696289 53.877628326416 -999 -999 -999 -999 -999 -999 -999 -999 -999 -999 -999 -999 -999 -999 -999 -999 -999 -999 -999 -999 -999 -999 -999 -999 -999 -999 -999 -999 -999 -999 -999 -999 -999 -999
42.738510131836 43.214786529541 43.676834106445 44.095417022705 44.437522888184 44.705593109131 44.877143859863 44.940937042236 44.910007476807 44.790378570557 44.53284072876 44.207580566406 43.94673538208 44.14234161377 44.522689819336 44.924392700195 45.364234924316 45.857234954834 46.402591705322 46.995674133301 47.626041412354 48.289482116699 48.967475891113 49.646179199219 50.311363220215 50.94348526001 51.545104980469 52.12133026123 52.674243927002 53.212348937988 53.735317230225 -999 -999 -999 -999 -999 -999 -999 -999 -999 -999 -999 -999 -999 -999 -999 -999 -999 -999 -999 -999 -999 -999 -999 -999 -999 -999 -999 -999 -999 -999 -999 -999 -999 -999 -999
42.850193023682 43.268020629883 43.648788452148 43.966156005859 44.217727661133 44.401447296143 44.505661010742 44.530017852783 44.465854644775 44.335765838623 44.115112304688 43.916927337646 43.830444335938 43.987800598145 44.335987091064 44.784385681152 45.269199371338 45.817073822021 46.437683105469 47.108455657959 47.830677032471 48.57421875 49.330879211426 50.065574645996 50.757518768311 51.39591217041 51.991275787354 52.54496383667 53.082656860352 -999 -999 -999 -999 -999 -999 -999 -999 -999 -999 -999 -999 -999 -999 -999 -999 -999 -999 -999 -999 -999 -999 -999 -999 -999 -999 -999 -999 -999 -999 -999 -999 -999 -999 -999 -999 -999
43.010921478271 43.341548919678 43.64009475708 43.879978179932 44.063804626465 44.177192687988 44.223308563232 44.200550079346 44.116111755371 43.976062774658 43.813312530518 43.696395874023 43.68962097168 43.855766296387 44.196899414063 44.657867431641 45.204975128174 45.804901123047 46.485557556152 47.231044769287 48.026893615723 48.859436035156 49.702175140381 50.516487121582 51.240009307861 51.867031097412 52.432735443115 -999 -999 -999 -999 -999 -999 -999 -999 -999 -999 -999 -999 -999 -999 -999 -999 -999 -999 -999 -999 -999 -999 -999 -999 -999 -999 -999 -999 -999 -999 -999 -999 -999 -999 -999 -999 -999 -999 -999
43.182174682617 43.449821472168 43.68132019043 43.851367950439 43.960468292236 44.020832061768 44.021244049072 43.961402893066 43.852584838867 43.698509216309 43.56579208374 43.494575500488 43.530632019043 43.719455718994 44.069961547852 44.549434661865 45.138355255127 45.812229156494 46.554927825928 47.367153167725 48.239086151123 49.156627655029 50.093101501465 51.007423400879 51.746715545654 -999 -999 -999 -999 -999 -999 -999 -999 -999 -999 -999 -999 -999 -999 -999 -999 -999 -999 -999 -999 -999 -999 -999 -999 -999 -999 -999 -999 -999 -999 -999 -999 -999 -999 -999 -999 -999 -999 -999 -999 -999
43.424980163574 43.622371673584 43.77029800415 43.874778747559 43.940948486328 43.953498840332 43.912395477295 43.820751190186 43.653717041016 43.494148254395 43.362171173096 43.303215026855 43.360305786133 43.568935394287 43.94225692749 44.456687927246 45.097248077393 45.828079223633 46.636978149414 47.515197753906 48.441516876221 49.413516998291 50.422691345215 51.465816497803 -999 -999 -999 -999 -999 -999 -999 -999 -999 -999 -999 -999 -999 -999 -999 -999 -999 -999 -999 -999 -999 -999 -999 -999 -999 -999 -999 -999 -999 -999 -999 -999 -999 -999 -999 -999 -999 -999 -999 -999 -999 -999
43.696235656738 43.827278137207 43.929534912109 43.997497558594 44.018341064453 43.993499755859 43.915428161621 43.759540557861 43.563892364502 43.381050109863 43.226211547852 43.138553619385 43.184215545654 43.407997131348 43.821838378906 44.38977432251 45.087242126465 45.874713897705 46.736915588379 47.653091430664 48.613224029541 49.607318878174 50.620300292969 51.594825744629 -999 -999 -999 -999 -999 -999 -999 -999 -999 -999 -999 -999 -999 -999 -999 -999 -999 -999 -999 -999 -999 -999 -999 -999 -999 -999 -999 -999 -999 -999 -999 -999 -999 -999 -999 -999 -999 -999 -999 -999 -999 -999
44.018325805664 44.111343383789 44.177433013916 44.208095550537 44.193756103516 44.126808166504 43.993305206299 43.809734344482 43.58850479126 43.367588043213 43.168422698975 43.021949768066 43.013256072998 43.240852355957 43.713550567627 44.357036590576 45.123832702637 45.969699859619 46.872798919678 47.81872177124 48.794563293457 49.790168762207 -999 -999 -999 -999 -999 -999 -999 -999 -999 -999 -999 -999 -999 -999 -999 -999 -999 -999 -999 -999 -999 -999 -999 -999 -999 -999 -999 -999 -999 -999 -999 -999 -999 -999 -999 -999 -999 -999 -999 -999 -999 -999 -999 -999
44.390113830566 44.450782775879 44.490329742432 44.491344451904 44.433727264404 44.327896118164 44.177349090576 43.975833892822 43.735324859619 43.474494934082 43.22151184082 42.988010406494 42.863086700439 43.079032897949 43.663600921631 44.414344787598 45.248432159424 46.139656066895 47.068992614746 48.028045654297 49.007015228271 -999 -999 -999 -999 -999 -999 -999 -999 -999 -999 -999 -999 -999 -999 -999 -999 -999 -999 -999 -999 -999 -999 -999 -999 -999 -999 -999 -999 -999 -999 -999 -999 -999 -999 -999 -999 -999 -999 -999 -999 -999 -999 -999 -999 -999
44.786560058594 44.812808990479 44.825576782227 44.808765411377 44.749160766602 44.64038848877 44.481700897217 44.270042419434 44.017322540283 43.737930297852 43.444610595703 43.140575408936 42.835037231445 43.020599365234 43.787425994873 44.615261077881 45.491710662842 46.403469085693 47.346126556396 -999 -999 -999 -999 -999 -999 -999 -999 -999 -999 -999 -999 -999 -999 -999 -999 -999 -999 -999 -999 -999 -999 -999 -999 -999 -999 -999 -999 -999 -999 -999 -999 -999 -999 -999 -999 -999 -999 -999 -999 -999 -999 -999 -999 -999 -999 -999
45.178844451904 45.197696685791 45.211181640625 45.201641082764 45.153953552246 45.058254241943 44.904430389404 44.695823669434 44.44649887085 44.175888061523 43.889190673828 43.604694366455 43.397533416748 43.576942443848 44.209175109863 45.015933990479 45.889022827148 46.800052642822 -999 -999 -999 -999 -999 -999 -999 -999 -999 -999 -999 -999 -999 -999 -999 -999 -999 -999 -999 -999 -999 -999 -999 -999 -999 -999 -999 -999 -999 -999 -999 -999 -999 -999 -999 -999 -999 -999 -999 -999 -999 -999 -999 -999 -999 -999 -999 -999
