datos/01-EFM-Pronostico-de-Enero-2021-Lluvia/01_Enero/GRDS/01_2021_Prp.grd
DSAA
390 228
-118.47924025641 -86.14575974359
14.037283991228 32.871016008772
-999 270.07864379883
[rows 60 to 89 of 228, columns 132 to 197 of 390]
-999 -999 -999 -999 -999 -999 -999 -999 -999 -999 -999 -999 -999 -999 -999 -999 -999 -999 -999 -999 -999 -999 -999 -999 -999 -999 -999 -999 -999 -999 -999 -999 -999 -999 -999 -999 -999 -999 -999 -999 17.722469329834 18.552757263184 17.934677124023 17.748731613159 19.02515411377 18.652048110962 18.729175567627 19.352006912231 19.650241851807 19.573974609375 19.396102905273 19.095525741577 18.647972106934 18.055526733398 17.365991592407 16.756160736084 16.281402587891 15.98920917511 15.607574462891 15.228089332581 14.844416618347 14.441416740417 14.051292419434 13.74252986908 13.453514099121 13.064730644226
-999 -999 -999 -999 -999 -999 -999 -999 -999 -999 -999 -999 -999 -999 -999 -999 -999 -999 -999 -999 -999 -999 -999 -999 -999 -999 -999 -999 -999 -999 -999 -999 -999 -999 -999 -999 -999 -999 -999 15.846082687378 16.805576324463 18.19694519043 18.93733215332 19.719594955444 20.410205841064 19.953512191772 19.405033111572 19.064874649048 19.006532669067 19.019914627075 18.937780380249 18.678840637207 18.250667572021 17.683456420898 17.028289794922 16.40212059021 15.864517211914 15.494501113892 15.231793403625 14.975693702698 14.671478271484 14.253891944885 13.755462646484 13.658771514893 13.686567306519 13.472086906433
-999 -999 -999 -999 -999 -999 -999 -999 -999 -999 -999 -999 -999 -999 -999 -999 -999 -999 -999 -999 -999 -999 -999 -999 -999 -999 -999 -999 -999 -999 -999 -999 -999 -999 -999 20.388933181763 19.95200920105 18.04633140564 15.324429512024 13.972393989563 16.003368377686 18.538763046265 19.936819076538 21.281805038452 22.441408157349 21.867746353149 20.890939712524 19.858327865601 18.70636177063 18.83080291748 18.712413787842 18.419942855835 17.985769271851 17.441553115845 16.81897354126 16.150960922241 15.464458465576 15.066485404968 14.978730201721 14.930205345154 14.838619232178 14.596622467041 14.184789657593 14.428696632385 14.891353607178 15.07973575592
-999 -999 -999 -999 -999 -999 -999 -999 -999 -999 -999 -999 -999 -999 -999 -999 -999 -999 -999 -999 -999 -999 -999 -999 -999 -999 -999 -999 -999 -999 -999 -999 -999 20.563117980957 20.567037582397 20.561305999756 20.46236038208 18.378911972046 15.327649116516 14.631484985352 16.354120254517 18.953235626221 20.567520141602 21.913688659668 22.769357681274 22.533153533936 21.750802993774 21.088005065918 19.790151596069 19.127016067505 18.723514556885 18.316408157349 17.855981826782 17.335025787354 16.757751464844 16.131004333496 15.471121788025 14.857782363892 15.137272834778 15.320927619934 15.45824432373 15.539155006409 15.724183082581 16.305009841919 17.172773361206 17.766881942749
-999 -999 -999 -999 -999 -999 -999 -999 -999 -999 -999 -999 -999 -999 -999 -999 -999 -999 -999 -999 -999 -999 -999 -999 -999 -999 -999 -999 -999 -999 -999 20.462301254272 20.473104476929 20.477161407471 20.444423675537 20.305698394775 19.792518615723 18.44354057312 16.922620773315 16.867656707764 18.074764251709 19.913692474365 20.7360496521 22.138132095337 22.287168502808 20.969625473022 19.684484481812 20.522165298462 20.097465515137 19.359285354614 18.776527404785 18.283184051514 17.811841964722 17.332139968872 16.843338012695 16.363683700562 15.936573982239 15.714771270752 15.872039794922 16.157524108887 16.411865234375 16.678739547729 17.184535980225 18.149766921997 19.580833435059 21.099168777466
-999 -999 -999 -999 -999 -999 -999 -999 -999 -999 -999 -999 -999 -999 -999 -999 -999 -999 -999 -999 -999 -999 -999 -999 -999 -999 -999 -999 -999 -999 -999 20.352935791016 20.355247497559 20.327825546265 20.23957824707 20.017858505249 19.534561157227 18.801778793335 18.200092315674 18.273496627808 19.067817687988 19.960388183594 20.760501861572 23.085510253906 21.992830276489 19.925745010376 18.386259078979 19.643640518188 19.827005386353 19.272310256958 18.72439956665 18.233047485352 17.785875320435 17.372188568115 17.000719070435 16.699645996094 16.519817352295 16.543155670166 16.796112060547 17.168947219849 17.475522994995 17.658107757568 18.167377471924 19.27409362793 20.959857940674 23.269323348999
-999 -999 -999 -999 -999 -999 -999 -999 -999 -999 -999 -999 -999 -999 -999 -999 -999 -999 -999 -999 -999 -999 -999 -999 -999 -999 -999 -999 -999 -999 20.227949142456 20.230913162231 20.214910507202 20.165355682373 20.057106018066 19.844905853271 19.527166366577 19.170328140259 18.953393936157 19.090375900269 19.600557327271 20.308795928955 21.389682769775 22.348083496094 21.512868881226 20.079458236694 19.182600021362 19.237571716309 19.271697998047 18.965885162354 18.538124084473 18.107662200928 17.713726043701 17.377681732178 17.121431350708 16.977897644043 16.990924835205 17.200613021851 17.615953445435 18.173490524292 18.690189361572 18.345283508301 18.55199432373 19.451591491699 20.676940917969 21.942560195923
-999 -999 -999 -999 -999 -999 -999 -999 -999 -999 -999 -999 -999 -999 -999 -999 -999 -999 -999 -999 -999 -999 -999 -999 -999 -999 -999 -999 -999 20.107639312744 20.108823776245 20.102272033691 20.073833465576 20.017353057861 19.911136627197 19.759948730469 19.576566696167 19.411483764648 19.358848571777 19.508846282959 19.879301071167 20.411098480225 21.014057159424 21.294862747192 20.86083984375 20.043775558472 19.392520904541 19.093343734741 18.897563934326 18.616525650024 18.261940002441 17.894599914551 17.559873580933 17.290855407715 17.126871109009 17.097431182861 17.242094039917 17.580310821533 18.119840621948 18.890228271484 20.013774871826 19.615648269653 18.753215789795 18.883241653442 19.361532211304 19.881212234497
-999 -999 -999 -999 -999 -999 -999 -999 -999 -999 -999 -999 -999 -999 -999 -999 -999 -999 -999 -999 -999 -999 -999 -999 -999 -999 -999 -999 19.989017486572 19.991731643677 19.988912582397 19.972101211548 19.939979553223 19.880773544312 19.799263000488 19.701831817627 19.595373153687 19.524396896362 19.533535003662 19.661643981934 19.912805557251 20.233825683594 20.516841888428 20.569314956665 20.281162261963 19.77300453186 19.2731590271 18.892612457275 18.582456588745 18.266185760498 17.931510925293 17.599561691284 17.303428649902 17.078979492188 16.962432861328 16.99973487854 17.216276168823 17.612993240356 18.134902954102 18.826570510864 19.423057556152 19.063974380493 18.156442642212 17.650163650513 17.492137908936 17.468633651733
-999 -999 -999 -999 -999 -999 -999 -999 -999 -999 -999 -999 -999 -999 -999 -999 -999 -999 -999 -999 -999 -999 -999 -999 -999 -999 -999 19.871368408203 19.880577087402 19.877233505249 19.869270324707 19.84796333313 19.809600830078 19.758958816528 19.704027175903 19.635681152344 19.569776535034 19.530960083008 19.549015045166 19.634616851807 19.77972984314 19.939163208008 20.039091110229 19.988792419434 19.759273529053 19.387529373169 18.977140426636 18.593946456909 18.240770339966 17.8968334198 17.555025100708 17.227205276489 16.938997268677 16.720991134644 16.607818603516 16.643220901489 16.876707077026 17.324394226074 17.873411178589 18.281253814697 18.272012710571 17.621864318848 16.659767150879 15.850898742676 15.338891983032 14.955795288086
-999 -999 -999 -999 -999 -999 -999 -999 -999 -999 -999 -999 -999 -999 -999 -999 -999 -999 -999 -999 -999 -999 -999 -999 -999 -999 19.754161834717 19.769983291626 19.773048400879 19.767951965332 19.75382232666 19.726133346558 19.690183639526 19.648897171021 19.604248046875 19.5481300354 19.497186660767 19.460041046143 19.453927993774 19.490329742432 19.549024581909 19.59593963623 19.588752746582 19.486951828003 19.271036148071 18.957353591919 18.594413757324 18.223310470581 17.854843139648 17.490760803223 17.132713317871 16.789144515991 16.476558685303 16.221561431885 16.057123184204 16.021892547607 16.168964385986 16.575185775757 17.242696762085 17.418474197388 16.996530532837 15.929145812988 14.732782363892 13.727582931519 13.136629104614 12.971844673157
-999 -999 -999 -999 -999 -999 -999 -999 -999 -999 -999 -999 -999 -999 -999 -999 -999 -999 -999 -999 -999 -999 -999 -999 -999 -999 19.659044265747 19.672580718994 19.670459747314 19.665069580078 19.642953872681 19.613969802856 19.574401855469 19.540925979614 19.494264602661 19.438144683838 19.383373260498 19.3346118927 19.30020904541 19.283475875854 19.273880004883 19.244150161743 19.165836334229 19.024583816528 18.805004119873 18.512781143188 18.172500610352 17.808860778809 17.432628631592 17.050817489624 16.670026779175 16.296340942383 15.939984321594 15.616792678833 15.34608745575 15.158041954041 15.094632148743 15.230321884155 15.630815505981 15.981888771057 15.379048347473 14.062092781067 12.652360916138 11.664378166199 11.151531219482 11.355198860168
-999 -999 -999 -999 -999 -999 -999 -999 -999 -999 -999 -999 -999 -999 -999 -999 -999 -999 -999 -999 -999 -999 -999 -999 -999 19.545234680176 19.569189071655 19.58017539978 19.578580856323 19.568336486816 19.545345306396 19.509857177734 19.472705841064 19.432516098022 19.37410736084 19.309270858765 19.23766708374 19.167499542236 19.102420806885 19.040723800659 18.973243713379 18.886289596558 18.76083946228 18.586917877197 18.356754302979 18.069179534912 17.737339019775 17.373706817627 16.989721298218 16.590221405029 16.182767868042 15.771768569946 15.360378265381 14.953859329224 14.556596755981 14.171876907349 13.801888465881 13.498507499695 13.605913162231 14.080793380737 13.466637611389 12.239902496338 10.920515060425 10.379728317261 10.170623779297 10.192091941833
-999 -999 -999 -999 -999 -999 -999 -999 -999 -999 -999 -999 -999 -999 -999 -999 -999 -999 -999 -999 -999 -999 -999 -999 19.425933837891 19.459335327148 19.485471725464 19.496990203857 19.495893478394 19.484716415405 19.459411621094 19.417694091797 19.378257751465 19.323795318604 19.250574111938 19.165710449219 19.069780349731 18.972366333008 18.874914169312 18.77533531189 18.664209365845 18.531854629517 18.369010925293 18.170946121216 17.926425933838 17.635618209839 17.303548812866 16.937406539917 16.542995452881 16.126405715942 15.692744255066 15.243494033813 14.778986930847 14.295413970947 13.785113334656 13.232448577881 12.615509033203 11.936194419861 11.749552726746 11.992603302002 11.658289909363 10.783725738525 9.865894317627 9.4615774154663 9.3635549545288 9.217698097229
-999 -999 -999 -999 -999 -999 -999 -999 -999 -999 -999 -999 -999 -999 -999 -999 -999 -999 -999 -999 -999 -999 -999 -999 19.341842651367 19.378810882568 19.409479141235 19.425569534302 19.42759513855 19.419269561768 19.39146232605 19.34698677063 19.293767929077 19.218460083008 19.125110626221 19.013483047485 18.888771057129 18.759666442871 18.630025863647 18.495145797729 18.349700927734 18.186000823975 17.996440887451 17.778388977051 17.520566940308 17.221033096313 16.88391494751 16.512544631958 16.10961151123 15.678811073303 15.227094650269 14.749590873718 14.244721412659 13.707341194153 13.126550674438 12.490544319153 11.788597106934 11.078325271606 10.736905097961 10.603516578674 10.371593475342 9.9690847396851 9.3730983734131 9.0414180755615 8.8131704330444 8.5558109283447
-999 -999 -999 -999 -999 -999 -999 -999 -999 -999 -999 -999 -999 -999 -999 -999 -999 -999 -999 -999 -999 -999 -999 -999 19.260604858398 19.30539894104 19.343288421631 19.36808013916 19.379247665405 19.374500274658 19.345125198364 19.297883987427 19.223291397095 19.123540878296 19.002180099487 18.858535766602 18.700382232666 18.536693572998 18.373817443848 18.207860946655 18.034574508667 17.846426010132 17.638832092285 17.408075332642 17.141748428345 16.836740493774 16.494565963745 16.115713119507 15.704396247864 15.264731407166 14.798195838928 14.302089691162 13.775320053101 13.212902069092 12.609655380249 11.962414741516 11.286597251892 10.644693374634 10.112599372864 9.5920104980469 9.5818796157837 9.5170783996582 9.17689037323 8.8213529586792 8.463472366333 8.1003313064575
-999 -999 -999 -999 -999 -999 -999 -999 -999 -999 -999 -999 -999 -999 -999 -999 -999 -999 -999 -999 -999 -999 -999 19.136627197266 19.182558059692 19.237003326416 19.287126541138 19.327487945557 19.350862503052 19.356010437012 19.326873779297 19.273111343384 19.174242019653 19.047214508057 18.888385772705 18.706239700317 18.509782791138 18.308841705322 18.11163520813 17.917259216309 17.721122741699 17.515668869019 17.298582077026 17.0608959198 16.791236877441 16.484380722046 16.139154434204 15.755434036255 15.336817741394 14.889139175415 14.41202545166 13.907125473022 13.37329864502 12.809438705444 12.216180801392 11.598384857178 10.975313186646 10.378917694092 9.8384046554565 9.4101858139038 9.292573928833 9.2624521255493 8.9963693618774 8.6850900650024 8.2062120437622 7.7530570030212
-999 -999 -999 -999 -999 -999 -999 -999 -999 -999 -999 -999 -999 -999 -999 -999 -999 -999 -999 -999 -999 -999 -999 19.059968948364 19.107748031616 19.171686172485 19.240398406982 19.305114746094 19.350648880005 19.367784500122 19.346302032471 19.279541015625 19.159151077271 18.99617767334 18.795192718506 18.565864562988 18.322420120239 18.081691741943 17.852348327637 17.633260726929 17.420223236084 17.204996109009 16.984476089478 16.74239730835 16.472362518311 16.16569519043 15.818838119507 15.432583808899 15.010315895081 14.55885887146 14.076502799988 13.568794250488 13.04025554657 12.491055488586 11.926465034485 11.354341506958 10.78830242157 10.253545761108 9.7836475372314 9.4227848052979 9.2124109268188 9.0447072982788 8.7921314239502 8.439079284668 7.9794616699219 7.4850578308105
-999 -999 -999 -999 -999 -999 -999 -999 -999 -999 -999 -999 -999 -999 -999 -999 -999 -999 -999 -999 -999 -999 -999 -999 -999 19.106857299805 19.201183319092 19.300287246704 19.380683898926 19.418571472168 19.406602859497 19.328531265259 19.183843612671 18.975244522095 18.722919464111 18.438930511475 18.146543502808 17.861560821533 17.59321975708 17.350364685059 17.127571105957 16.914735794067 16.700225830078 16.465070724487 16.19801902771 15.891717910767 15.542989730835 15.153017044067 14.72957611084 14.274295806885 13.790630340576 13.286957740784 12.768016815186 12.243607521057 11.716808319092 11.193278312683 10.685585975647 10.21347618103 9.7982902526855 9.4640846252441 9.204644203186 8.9571008682251 8.6660776138306 8.2933883666992 7.8383860588074 7.3335647583008
-999 -999 -999 -999 -999 -999 -999 -999 -999 -999 -999 -999 -999 -999 -999 -999 -999 -999 -999 -999 -999 -999 -999 -999 -999 -999 -999 -999 19.447040557861 19.52144241333 19.519412994385 19.434467315674 19.256824493408 18.996461868286 18.679405212402 18.329574584961 17.976259231567 17.636392593384 17.331407546997 17.07265663147 16.847009658813 16.647060394287 16.445949554443 16.22678565979 15.972469329834 15.674487113953 15.328583717346 14.936533927917 14.509130477905 14.044996261597 13.558164596558 13.060006141663 12.558715820313 12.059332847595 11.571403503418 11.095733642578 10.644327163696 10.228447914124 9.8559808731079 9.5347003936768 9.2487182617188 8.9634294509888 8.6472501754761 8.2756175994873 7.8420453071594 7.3510680198669
-999 -999 -999 -999 -999 -999 -999 -999 -999 -999 -999 -999 -999 -999 -999 -999 -999 -999 -999 -999 -999 -999 -999 -999 -999 -999 -999 -999 6.916247844696 6.7377519607544 6.4676904678345 6.143358707428 5.7704257965088 5.3591551780701 4.9280624389648 4.6060795783997 4.5231556892395 4.446108341217 4.3814883232117 4.3306851387024 4.2910141944885 4.2578864097595 4.2244439125061 4.1869678497314 15.801434516907 15.516130447388 15.173087120056 14.780757904053 14.341609954834 13.865445137024 13.371482849121 3.5862503051758 12.388423919678 11.917762756348 11.472107887268 11.047833442688 10.647609710693 10.278485298157 9.9396820068359 9.6315317153931 9.3378171920776 9.0425596237183 8.7231941223145 8.3691921234131 7.9712963104248 7.5266046524048
-999 -999 -999 -999 -999 -999 -999 -999 -999 -999 -999 -999 -999 -999 -999 -999 -999 -999 -999 -999 -999 -999 -999 -999 -999 -999 -999 7.2348041534424 7.3629183769226 7.1827521324158 6.9100742340088 6.5516929626465 6.1166906356812 5.619499206543 5.0851626396179 4.5942549705505 4.4908165931702 4.3985047340393 4.3267302513123 4.2772531509399 4.2450814247131 4.2198119163513 4.1942467689514 2.1910688877106 2.1697473526001 2.1424143314362 2.1086301803589 2.0685806274414 2.022608757019 1.9727203845978 1.9214901924133 1.8713941574097 1.8239841461182 1.7801251411438 11.402148246765 11.033259391785 10.683614730835 10.358466148376 10.051313400269 9.7605009078979 9.4729337692261 9.1815547943115 8.8732986450195 8.5490045547485 8.1996297836304 7.8138551712036
-999 -999 -999 -999 -999 -999 -999 -999 -999 -999 -999 -999 -999 -999 -999 -999 -999 -999 -999 -999 -999 -999 -999 -999 -999 6.6645021438599 6.9792332649231 7.3719716072083 7.6060690879822 7.576153755188 7.3625826835632 7.0000286102295 6.5086679458618 5.9213604927063 5.2761545181274 4.6126651763916 4.4612317085266 4.3484258651733 4.2697930335999 4.2275276184082 4.2080216407776 4.1945061683655 2.1987323760986 2.1858100891113 2.167403459549 2.1416335105896 2.1078832149506 2.0661025047302 2.0168788433075 1.9629055261612 1.9081380367279 1.8564500808716 1.8101332187653 1.770129442215 1.7357796430588 11.047205924988 10.751935005188 10.473567008972 10.197329521179 9.924033164978 9.6474685668945 9.3665018081665 9.0797214508057 8.785514831543 8.4864940643311 8.178279876709
-999 -999 -999 -999 -999 -999 -999 -999 -999 -999 -999 -999 -999 -999 -999 -999 -999 -999 -999 -999 -999 -999 -999 -999 -999 -999 7.0082416534424 7.5027098655701 7.8848114013672 8.013560295105 7.8840956687927 7.5350465774536 6.9918236732483 6.3063063621521 5.5478072166443 4.7533650398254 4.4415159225464 4.2954697608948 4.2085180282593 4.1857829093933 2.2040512561798 2.2044615745544 2.200434923172 2.1907408237457 2.1744644641876 2.1504681110382 2.1170134544373 2.072167634964 2.017618894577 1.9568774700165 1.8962213993073 1.8415850400925 1.7965650558472 1.7611064910889 1.7332607507706 1.7092419862747 10.86158657074 10.628953933716 10.381148338318 10.121072769165 9.8552827835083 9.5873384475708 9.3171062469482 9.0494718551636 8.7900142669678 8.5401792526245
-999 -999 -999 -999 -999 -999 -999 -999 -999 -999 -999 -999 -999 -999 -999 -999 -999 -999 -999 -999 -999 -999 -999 -999 -999 -999 -999 7.8729877471924 8.3380174636841 8.5710144042969 8.5300064086914 8.2055807113647 7.6145720481873 6.8075633049011 5.9563579559326 5.0343527793884 4.4521474838257 2.242776632309 2.1858732700348 2.1983935832977 2.2106280326843 2.2157769203186 2.2144086360931 2.206954240799 2.1928603649139 2.1704597473145 2.1373119354248 2.089742898941 2.0265831947327 1.9546165466309 1.8846520185471 1.8256195783615 1.7816853523254 1.7522449493408 1.7331827878952 1.71823990345 11.026651382446 10.837098121643 10.607246398926 10.3532371521 10.088983535767 9.8236246109009 9.5645580291748 9.3185405731201 9.0893545150757 8.8626012802124
-999 -999 -999 -999 -999 -999 -999 -999 -999 -999 -999 -999 -999 -999 -999 -999 -999 -999 -999 -999 -999 -999 -999 -999 -999 -999 -999 -999 7.0242056846619 7.3139562606812 7.3031530380249 6.9609627723694 6.3058285713196 5.3910970687866 4.4465703964233 3.4158773422241 2.3846859931946 2.2844595909119 2.230489730835 2.2385995388031 2.2457096576691 2.246209859848 2.2425553798676 2.2353947162628 2.2232246398926 2.203617811203 2.1727795600891 2.1226298809052 2.0476438999176 1.9577007293701 1.8730218410492 1.807918548584 1.7645332813263 1.7431106567383 1.7371563911438 1.7346799373627 1.7270166873932 11.110413551331 10.879583358765 10.614071846008 10.335855484009 10.063903808594 9.8099088668823 9.5795745849609 9.374135017395 9.1863279342651
-999 -999 -999 -999 -999 -999 -999 -999 -999 -999 -999 -999 -999 -999 -999 -999 -999 -999 -999 -999 -999 -999 -999 -999 -999 -999 -999 -999 7.7932167053223 8.2491416931152 8.3192386627197 7.9954662322998 7.3719811439514 6.4739389419556 5.4107842445374 4.2766003608704 3.1644158363342 2.3872618675232 2.3367056846619 2.3178405761719 2.3062098026276 2.2945804595947 2.283714056015 2.2733607292175 2.2619671821594 2.245742559433 2.2217175960541 2.1767380237579 2.0845739841461 1.9703856706619 1.8639941215515 1.7972258329391 1.7484095096588 1.7360976934433 1.7503274679184 1.7625017166138 1.762175321579 1.7463591098785 11.196184158325 10.88881111145 10.579940795898 10.293683052063 10.039351463318 9.8195514678955 9.6388778686523 9.4921674728394
-999 -999 -999 -999 -999 -999 -999 -999 -999 -999 -999 -999 -999 -999 -999 -999 -999 -999 -999 -999 -999 -999 -999 -999 -999 -999 -999 -999 8.512734413147 9.3254795074463 9.3785486221313 9.0692806243896 8.5400810241699 7.6437764167786 6.4855699539185 5.2778830528259 4.1672191619873 3.169858455658 2.446807384491 2.4117407798767 2.3846025466919 2.3585228919983 2.3347835540771 2.3201668262482 2.3074064254761 2.2904417514801 2.2679715156555 2.2330486774445 2.1309442520142 2.0111000537872 1.8933354616165 1.818915605545 1.7450977563858 1.7945193052292 1.7825503349304 1.8056837320328 1.8105986118317 1.7892577648163 11.530533790588 11.150881767273 10.801840782166 10.497091293335 10.239454269409 10.028351783752 9.8658142089844 9.7535953521729
-999 -999 -999 -999 -999 -999 -999 -999 -999 -999 -999 -999 -999 -999 -999 -999 -999 -999 -999 -999 -999 -999 -999 -999 -999 -999 -999 -999 9.2051706314087 9.9381494522095 10.001835823059 9.928277015686 9.6179714202881 8.8367280960083 7.5318570137024 6.2403101921082 5.1910009384155 4.2274060249329 3.334534406662 2.5221638679504 2.4762451648712 2.4370970726013 2.3957245349884 2.3787307739258 2.3605489730835 2.3365790843964 2.3030943870544 2.2513239383698 2.1841073036194 2.0866341590881 1.9782667160034 1.8885469436646 2.0524001121521 2.2005257606506 2.1971952915192 2.1505837440491 2.0987575054169 1.8645075559616 11.823176383972 11.363212585449 10.980254173279 10.662245750427 10.401323318481 10.195333480835 10.045271873474 9.9513187408447
-999 -999 -999 -999 -999 -999 -999 -999 -999 -999 -999 -999 -999 -999 -999 -999 -999 -999 -999 -999 -999 -999 -999 -999 -999 -999 -999 -999 9.65296459198 10.302812576294 10.4924659729 10.438069343567 10.234436988831 9.6493873596191 8.4428567886353 7.225426197052 6.2514276504517 5.319091796875 4.4504070281982 3.6291475296021 2.8863201141357 2.5326647758484 2.4892270565033 2.4545130729675 2.4225854873657 2.3873252868652 2.3459365367889 2.2980856895447 2.2494580745697 2.1723544597626 2.0505800247192 2.1317105293274 2.3884930610657 2.590083360672 2.579380273819 2.5515892505646 2.4994099140167 2.277313709259 1.9749641418457 11.502036094666 11.116144180298 10.789578437805 10.523314476013 10.318246841431 10.172407150269 10.088790893555
