datos/01-EFM-Pronostico-de-Enero-2021-Lluvia/01_Enero/GRDS/01_2021_Apor.grd
DSAA
390 228
-118.47924025641 -86.14575974359
14.037283991228 32.871016008772
-999 228.46798706055
[rows 60 to 89 of 228, columns 132 to 197 of 390]
-999 -999 -999 -999 -999 -999 -999 -999 -999 -999 -999 -999 -999 -999 -999 -999 -999 -999 -999 -999 -999 -999 -999 -999 -999 -999 -999 -999 -999 -999 -999 -999 -999 -999 -999 -999 -999 -999 -999 -999 74.707527160645 75.562828063965 74.931770324707 74.735496520996 76.024124145508 75.661254882813 75.737159729004 76.333236694336 76.608406066895 76.538650512695 76.374328613281 76.091354370117 75.6572265625 75.057708740234 74.321655273438 73.633514404297 73.071716308594 72.713890075684 72.231956481934 71.735565185547 71.215316772461 70.647827148438 70.07674407959 69.608757019043 69.157241821289 68.528274536133
-999 -999 -999 -999 -999 -999 -999 -999 -999 -999 -999 -999 -999 -999 -999 -999 -999 -999 -999 -999 -999 -999 -999 -999 -999 -999 -999 -999 -999 -999 -999 -999 -999 -999 -999 -999 -999 -999 -999 72.535125732422 73.690643310547 75.203483581543 75.93968963623 76.671485900879 77.281509399414 76.881744384766 76.382629394531 76.062118530273 76.006271362305 76.019104003906 75.940124511719 75.687675476074 75.258415222168 74.665863037109 73.945091247559 73.216819763184 72.558280944824 72.085884094238 71.740493774414 71.395462036133 70.974502563477 70.376068115234 69.62865447998 69.479270935059 69.522361755371 69.186660766602
-999 -999 -999 -999 -999 -999 -999 -999 -999 -999 -999 -999 -999 -999 -999 -999 -999 -999 -999 -999 -999 -999 -999 -999 -999 -999 -999 -999 -999 -999 -999 -999 -999 -999 -999 77.263198852539 76.880401611328 75.04817199707 71.863258361816 69.958534240723 72.7314453125 75.548889160156 76.866859436035 78.007316589355 78.903999328613 78.469734191895 77.687652587891 76.796646118164 75.71475982666 75.836463928223 75.720703125 75.429916381836 74.985168457031 74.404426574707 73.706092834473 72.913139343262 72.046813964844 71.518745422363 71.399604797363 71.333297729492 71.207305908203 70.869010925293 70.274642944336 70.629547119141 71.279983520508 71.536643981934
-999 -999 -999 -999 -999 -999 -999 -999 -999 -999 -999 -999 -999 -999 -999 -999 -999 -999 -999 -999 -999 -999 -999 -999 -999 -999 -999 -999 -999 -999 -999 -999 -999 77.412292480469 77.415618896484 77.410751342773 77.326286315918 75.388565063477 71.86750793457 70.918235778809 73.159309387207 75.955024719238 77.416030883789 78.505172729492 79.144477844238 78.971832275391 78.379005432129 77.849975585938 76.735305786133 76.121322631836 75.731605529785 75.325302124023 74.849075317383 74.287582397461 73.635353088379 72.888710021973 72.055488586426 71.233757019043 71.614128112793 71.85863494873 72.038719177246 72.143753051758 72.381011962891 73.100212097168 74.107543945313 74.754783630371
-999 -999 -999 -999 -999 -999 -999 -999 -999 -999 -999 -999 -999 -999 -999 -999 -999 -999 -999 -999 -999 -999 -999 -999 -999 -999 -999 -999 -999 -999 -999 77.326232910156 77.335487365723 77.338958740234 77.310905456543 77.191253662109 76.737442016602 75.453636169434 73.824981689453 73.762069702148 75.07763671875 76.846214294434 77.558387756348 78.676620483398 78.788970947266 77.752746582031 76.639595031738 77.377410888672 77.009262084961 76.340026855469 75.783531188965 75.291542053223 74.802452087402 74.284400939941 73.73413848877 73.170791625977 72.648414611816 72.369041442871 72.567718505859 72.921165466309 73.228469848633 73.543502807617 74.120681762695 75.15503692627 76.544937133789 77.859100341797
-999 -999 -999 -999 -999 -999 -999 -999 -999 -999 -999 -999 -999 -999 -999 -999 -999 -999 -999 -999 -999 -999 -999 -999 -999 -999 -999 -999 -999 -999 -999 77.232139587402 77.23413848877 77.210426330566 77.133781433105 76.938919067383 76.502433776855 75.80818939209 75.206703186035 75.281684875488 76.064926147461 76.88786315918 77.578895568848 79.371170043945 78.565940856934 76.856979370117 75.395980834961 76.602386474609 76.768501281738 76.258598327637 75.732475280762 75.240425109863 74.774948120117 74.328460693359 73.913856506348 73.56787109375 73.356796264648 73.384384155273 73.679725646973 74.103271484375 74.441467285156 74.638717651367 75.173141479492 76.260276794434 77.744689941406 79.50072479248
-999 -999 -999 -999 -999 -999 -999 -999 -999 -999 -999 -999 -999 -999 -999 -999 -999 -999 -999 -999 -999 -999 -999 -999 -999 -999 -999 -999 -999 -999 77.123641967773 77.12622833252 77.112258911133 77.068916320801 76.973648071289 76.784591674805 76.495628356934 76.162406921387 75.955177307129 76.086448669434 76.563011169434 77.193939208984 78.093940734863 78.834548950195 78.192024230957 76.993385314941 76.174026489258 76.225921630859 76.258026123047 75.967208862305 75.54825592041 75.11164855957 74.698196411133 74.334495544434 74.050048828125 73.88794708252 73.90274810791 74.138610839844 74.593444824219 75.179420471191 75.698852539063 75.354568481445 75.562065124512 76.425834655762 77.508666992188 78.527381896973
-999 -999 -999 -999 -999 -999 -999 -999 -999 -999 -999 -999 -999 -999 -999 -999 -999 -999 -999 -999 -999 -999 -999 -999 -999 -999 -999 -999 -999 77.018218994141 77.019264221191 77.013496398926 76.988426208496 76.938468933105 76.843933105469 76.708030700684 76.541023254395 76.388626098633 76.339622497559 76.478744506836 76.815444946289 77.282279968262 77.789344787598 78.017845153809 77.662651062012 76.961868286133 76.370994567871 76.089279174805 75.901260375977 75.626129150391 75.269905090332 74.889724731445 74.53296661377 74.238815307617 74.05615234375 74.023086547852 74.184768676758 74.555046081543 75.124214172363 75.894157409668 76.93529510498 76.576820373535 75.760726928711 75.887382507324 76.342124938965 76.817161560059
-999 -999 -999 -999 -999 -999 -999 -999 -999 -999 -999 -999 -999 -999 -999 -999 -999 -999 -999 -999 -999 -999 -999 -999 -999 -999 -999 -999 76.91332244873 76.915733337402 76.913230895996 76.898292541504 76.869682312012 76.816764831543 76.743522644043 76.65535736084 76.558265686035 76.49308013916 76.501495361328 76.618804931641 76.845428466797 77.128761291504 77.372871398926 77.417556762695 77.169960021973 76.719825744629 76.259399414063 75.896461486816 75.592353820801 75.274230957031 74.928451538086 74.575798034668 74.252716064453 74.002319335938 73.87036895752 73.912742614746 74.156059265137 74.590263366699 75.139739990234 75.832344055176 76.399375915527 76.061256408691 75.161903381348 74.630195617676 74.459541320801 74.433959960938
-999 -999 -999 -999 -999 -999 -999 -999 -999 -999 -999 -999 -999 -999 -999 -999 -999 -999 -999 -999 -999 -999 -999 -999 -999 -999 -999 76.80834197998 76.816589355469 76.813598632813 76.806457519531 76.787338256836 76.752838134766 76.707130432129 76.657356262207 76.595123291016 76.534797668457 76.499122619629 76.515731811523 76.594146728516 76.725898742676 76.868949890137 76.957717895508 76.913124084473 76.707420349121 76.366348266602 75.978034973145 75.60375213623 75.248313903809 74.892074584961 74.527725219727 74.16822052002 73.84366607666 73.592704772949 73.460510253906 73.502006530762 73.772445678711 74.275856018066 74.86743927002 75.289581298828 75.280174255371 74.599800109863 73.521354675293 72.541175842285 71.88232421875 71.368301391602
-999 -999 -999 -999 -999 -999 -999 -999 -999 -999 -999 -999 -999 -999 -999 -999 -999 -999 -999 -999 -999 -999 -999 -999 -999 -999 76.702796936035 76.717094421387 76.719863891602 76.715263366699 76.702484130859 76.67741394043 76.644775390625 76.607177734375 76.566390991211 76.514915466309 76.467994689941 76.433662414551 76.428001403809 76.46166229248 76.515739440918 76.558784484863 76.552200317383 76.458541870117 76.25740814209 75.958992004395 75.604217529297 75.23046875 74.847877502441 74.458045959473 74.062705993652 73.671676635742 73.305519104004 72.999198913574 72.797904968262 72.754386901855 72.935134887695 73.422142028809 74.185440063477 74.379203796387 73.909111022949 72.639152526855 71.060325622559 69.585731506348 68.646514892578 68.374183654785
-999 -999 -999 -999 -999 -999 -999 -999 -999 -999 -999 -999 -999 -999 -999 -999 -999 -999 -999 -999 -999 -999 -999 -999 -999 -999 76.616432189941 76.628761291504 76.626831054688 76.621925354004 76.601760864258 76.57527923584 76.539039611816 76.508293151855 76.465293884277 76.413375854492 76.362480163574 76.316986083984 76.284782409668 76.269088745117 76.260078430176 76.232116699219 76.158157348633 76.023574829102 75.811332702637 75.522972106934 75.178405761719 74.799301147461 74.394676208496 73.970558166504 73.533332824707 73.089752197266 72.652671813965 72.243804931641 71.891807556152 71.641990661621 71.556747436523 71.73853302002 72.261795043945 72.704803466797 71.93514251709 70.092849731445 67.832489013672 66.033332824707 65.017700195313 65.42822265625
-999 -999 -999 -999 -999 -999 -999 -999 -999 -999 -999 -999 -999 -999 -999 -999 -999 -999 -999 -999 -999 -999 -999 -999 -999 76.512252807617 76.534255981445 76.544334411621 76.542877197266 76.533477783203 76.512359619141 76.479682922363 76.445373535156 76.408157348633 76.353851318359 76.293273925781 76.226013183594 76.159729003906 76.097923278809 76.039031982422 75.97428894043 75.890342712402 75.768188476563 75.596778869629 75.366180419922 75.071853637695 74.723365783691 74.330131530762 73.901382446289 73.439834594727 72.95198059082 72.441375732422 71.910614013672 71.365653991699 70.812286376953 70.255615234375 69.699859619141 69.228416442871 69.396987915039 70.120704650879 69.178031921387 67.105087280273 64.540084838867 63.369358062744 62.895679473877 62.944873809814
-999 -999 -999 -999 -999 -999 -999 -999 -999 -999 -999 -999 -999 -999 -999 -999 -999 -999 -999 -999 -999 -999 -999 -999 76.402046203613 76.433006286621 76.457176208496 76.467811584473 76.466796875 76.456474304199 76.433074951172 76.394393920898 76.357711791992 76.306869506836 76.238166809082 76.15803527832 76.066802978516 75.973442077637 75.87931060791 75.782363891602 75.673248291016 75.541999816895 75.378562927246 75.176811218262 74.923126220703 74.614585876465 74.25284576416 73.841857910156 73.38419342041 72.883079528809 72.340980529785 71.756057739258 71.124671936035 70.436668395996 69.674171447754 68.802726745605 67.768814086914 66.54808807373 66.196334838867 66.652961730957 66.021621704102 64.251083374023 62.183032989502 61.194129943848 60.946537017822 60.57222366333
-999 -999 -999 -999 -999 -999 -999 -999 -999 -999 -999 -999 -999 -999 -999 -999 -999 -999 -999 -999 -999 -999 -999 -999 76.323745727539 76.35823059082 76.386764526367 76.401710510254 76.403587341309 76.395858764648 76.370010375977 76.328544616699 76.278739929199 76.207908630371 76.119506835938 76.012939453125 75.89274597168 75.767044067383 75.639488220215 75.505348205566 75.359039306641 75.192260742188 74.996292114258 74.76700592041 74.490409851074 74.161354064941 73.780708312988 73.348190307617 72.862480163574 72.323204040527 71.734237670898 71.083770751953 70.362648010254 69.554489135742 68.629997253418 67.550979614258 66.270530700684 64.867752075195 64.151077270508 63.863075256348 63.351154327393 62.427402496338 60.970783233643 60.11014175415 59.495506286621 58.779350280762
-999 -999 -999 -999 -999 -999 -999 -999 -999 -999 -999 -999 -999 -999 -999 -999 -999 -999 -999 -999 -999 -999 -999 -999 76.247596740723 76.289642333984 76.325096130371 76.34822845459 76.35863494873 76.354217529297 76.326805114746 76.282600402832 76.212463378906 76.118019104004 76.002090454102 75.863418579102 75.708877563477 75.546829223633 75.383422851563 75.214660644531 75.03596496582 74.838996887207 74.618034362793 74.367820739746 74.072830200195 73.726547241211 73.326889038086 72.869964599609 72.355834960938 71.78426361084 71.151344299316 70.446388244629 69.659149169922 68.770988464355 67.758674621582 66.59691619873 65.291030883789 63.952476501465 62.762062072754 61.518753051758 61.49373626709 61.332927703857 60.466209411621 59.517864227295 58.516185760498 57.447807312012
-999 -999 -999 -999 -999 -999 -999 -999 -999 -999 -999 -999 -999 -999 -999 -999 -999 -999 -999 -999 -999 -999 -999 76.130447387695 76.173988342285 76.225387573242 76.272514343262 76.310325622559 76.332168579102 76.336975097656 76.309745788574 76.259353637695 76.166114807129 76.04524230957 75.892372131348 75.714637756348 75.519981384277 75.317626953125 75.115745544434 74.913513183594 74.706085205078 74.48509979248 74.247360229492 73.981925964355 73.674095153809 73.314811706543 72.898696899414 72.420684814453 71.879592895508 71.27693939209 70.605560302734 69.860038757324 69.029541015625 68.101119995117 67.06224822998 65.905960083008 64.654556274414 63.367542266846 62.11739730835 61.064712524414 60.765270233154 60.687835693359 59.990314483643 59.142234802246 57.764953613281 56.373336791992
-999 -999 -999 -999 -999 -999 -999 -999 -999 -999 -999 -999 -999 -999 -999 -999 -999 -999 -999 -999 -999 -999 -999 76.057434082031 76.102996826172 76.163696289063 76.228584289551 76.289375305176 76.331970214844 76.347953796387 76.327911376953 76.26538848877 76.151817321777 75.99633026123 75.8017578125 75.575866699219 75.331405639648 75.084808349609 74.845245361328 74.61205291748 74.381118774414 74.143501281738 73.89542388916 73.617561340332 73.300537109375 72.931144714355 72.500823974609 72.005241394043 71.442596435547 70.815498352051 70.114318847656 69.338935852051 68.487815856934 67.551879882813 66.529930114746 65.42652130127 64.26082611084 63.084980010986 61.985973358154 61.096519470215 60.558521270752 60.118865966797 59.437892913818 58.446102142334 57.079891204834 55.506309509277
-999 -999 -999 -999 -999 -999 -999 -999 -999 -999 -999 -999 -999 -999 -999 -999 -999 -999 -999 -999 -999 -999 -999 -999 -999 76.102142333984 76.191596984863 76.284851074219 76.359977722168 76.395210266113 76.384094238281 76.311302185059 76.175201416016 75.976211547852 75.731018066406 75.449005126953 75.151725769043 74.854957580566 74.568962097168 74.304466247559 74.056938171387 73.815979003906 73.568542480469 73.291870117188 72.970565795898 72.592376708984 72.148712158203 71.63525390625 71.055847167969 70.405876159668 69.682624816895 68.890892028809 68.030715942383 67.111770629883 66.133857727051 65.102638244629 64.040817260742 62.993747711182 62.0212059021 61.200420379639 60.538375854492 59.885272979736 59.089267730713 58.022548675537 56.64234161377 55.000782012939
-999 -999 -999 -999 -999 -999 -999 -999 -999 -999 -999 -999 -999 -999 -999 -999 -999 -999 -999 -999 -999 -999 -999 -999 -999 -999 -999 -999 76.42162322998 76.490356445313 76.488487243652 76.409965515137 76.244041442871 75.996604919434 75.688232421875 75.338653564453 74.975242614746 74.615417480469 74.283592224121 73.995193481445 73.738357543945 73.506492614746 73.269119262695 73.005546569824 72.693099975586 72.317680358887 71.86873626709 71.341957092285 70.744735717773 70.067344665527 69.322273254395 68.520469665527 67.67017364502 66.776184082031 65.853607177734 64.903526306152 63.951683044434 63.027885437012 62.15938949585 61.376789093018 60.652431488037 59.902240753174 59.036678314209 57.970294952393 56.653804779053 55.059776306152
-999 -999 -999 -999 -999 -999 -999 -999 -999 -999 -999 -999 -999 -999 -999 -999 -999 -999 -999 -999 -999 -999 -999 -999 -999 -999 -999 -999 27.061162948608 26.234315872192 25.162567138672 23.992723464966 22.726234436035 21.37536239624 19.97473526001 19 19 19 19 19 19 19 19 19 72.478874206543 72.113945007324 71.662139892578 71.127136230469 70.503807067871 69.796798706055 69.026634216309 19 67.37077331543 66.513679504395 65.659553527832 64.804908752441 63.958789825439 63.141532897949 62.358093261719 61.616046905518 60.881004333496 60.113170623779 59.247974395752 58.243999481201 57.054805755615 55.642971038818
-999 -999 -999 -999 -999 -999 -999 -999 -999 -999 -999 -999 -999 -999 -999 -999 -999 -999 -999 -999 -999 -999 -999 -999 -999 -999 -999 28.515748977661 28.637086868286 27.714311599731 26.614727020264 25.34068107605 23.889940261841 22.282852172852 20.565349578857 19 19 19 19 19 19 19 19 10 10 10 10 10 10 10 10 10 10 10 65.521499633789 64.774795532227 64.036567687988 63.321743011475 62.61988067627 61.930145263672 61.222610473633 60.478355407715 59.659252166748 58.760063171387 57.745376586914 56.56534576416
-999 -999 -999 -999 -999 -999 -999 -999 -999 -999 -999 -999 -999 -999 -999 -999 -999 -999 -999 -999 -999 -999 -999 -999 -999 27.036085128784 28.086767196655 29.106931686401 29.39448928833 28.881759643555 27.988061904907 26.715530395508 25.104110717773 23.243846893311 21.215753555298 19.084678649902 19 19 19 19 19 19 10 10 10 10 10 10 10 10 10 10 10 10 10 64.803619384766 64.183242797852 63.578014373779 62.956855773926 62.321102142334 61.655139923096 60.954025268555 60.21146774292 59.419742584229 58.582111358643 57.681751251221
-999 -999 -999 -999 -999 -999 -999 -999 -999 -999 -999 -999 -999 -999 -999 -999 -999 -999 -999 -999 -999 -999 -999 -999 -999 -999 28.536041259766 29.7132396698 30.282073974609 30.16471862793 29.516191482544 28.267696380615 26.495494842529 24.360134124756 22.049873352051 19.575830459595 19 19 19 19 10 10 10 10 10 10 10 10 10 10 10 10 10 10 10 10 64.416160583496 63.918354034424 63.372531890869 62.781631469727 62.157722473145 61.507221221924 60.828109741211 60.131492614746 59.43208694458 58.735034942627
-999 -999 -999 -999 -999 -999 -999 -999 -999 -999 -999 -999 -999 -999 -999 -999 -999 -999 -999 -999 -999 -999 -999 -999 -999 -999 -999 30.948047637939 31.783197402954 31.940793991089 31.40336227417 30.144706726074 28.204000473022 25.703918457031 23.248664855957 20.504627227783 19 10 10 10 10 10 10 10 10 10 10 10 10 10 10 10 10 10 10 10 64.761123657227 64.364402770996 63.871192932129 63.31001663208 62.707401275635 62.082012176514 61.450881958008 60.83177947998 60.236869812012 59.630218505859
-999 -999 -999 -999 -999 -999 -999 -999 -999 -999 -999 -999 -999 -999 -999 -999 -999 -999 -999 -999 -999 -999 -999 -999 -999 -999 -999 -999 26.368240356445 26.816450119019 26.332216262817 24.937896728516 22.725172042847 19.813486099243 16.947715759277 13.644103050232 10 10 10 10 10 10 10 10 10 10 10 10 10 10 10 10 10 10 10 10 10 64.933631896973 64.4541015625 63.886035919189 63.270977020264 62.64917755127 62.049118041992 61.488037109375 60.973415374756 60.490779876709
-999 -999 -999 -999 -999 -999 -999 -999 -999 -999 -999 -999 -999 -999 -999 -999 -999 -999 -999 -999 -999 -999 -999 -999 -999 -999 -999 -999 28.711090087891 29.616422653198 29.261034011841 27.810253143311 25.721742630005 23.071231842041 20.020671844482 16.571786880493 12.802290916443 10 10 10 10 10 10 10 10 10 10 10 10 10 10 10 10 10 10 10 10 10 65.108535766602 64.473518371582 63.81169128418 63.175914764404 62.59200668335 62.072250366211 61.634075164795 61.270751953125
-999 -999 -999 -999 -999 -999 -999 -999 -999 -999 -999 -999 -999 -999 -999 -999 -999 -999 -999 -999 -999 -999 -999 -999 -999 -999 -999 -999 30.837669372559 32.700538635254 32.205299377441 30.509611129761 28.688249588013 26.220666885376 23.188985824585 19.770669937134 16.212482452393 12.690082550049 10 10 10 10 10 10 10 10 10 10 10 10 10 10 10 10.27870464325 10 10 10 10 65.774002075195 65.016372680664 64.289627075195 63.629951477051 63.05294418335 62.566333770752 62.182842254639 61.913455963135
-999 -999 -999 -999 -999 -999 -999 -999 -999 -999 -999 -999 -999 -999 -999 -999 -999 -999 -999 -999 -999 -999 -999 -999 -999 -999 -999 -999 32.78466796875 34.326202392578 33.938354492188 32.387214660645 31.055543899536 29.003396987915 26.079845428467 22.770767211914 19.483821868896 16.216690063477 13.034711837769 10.025698661804 10 10 10 10 10 10 10 10 10 10 10 10 11.220420837402 12.068411827087 11.93785572052 11.566432952881 11.208875656128 10.169034957886 66.335968017578 65.444183349609 64.664840698242 63.990447998047 63.417587280273 62.952289581299 62.605808258057 62.385555267334
-999 -999 -999 -999 -999 -999 -999 -999 -999 -999 -999 -999 -999 -999 -999 -999 -999 -999 -999 -999 -999 -999 -999 -999 -999 -999 -999 -999 34.034774780273 35.101860046387 34.782535552979 33.685329437256 32.489151000977 30.937358856201 28.454423904419 25.540636062622 22.572448730469 19.554964065552 16.653461456299 13.822339057922 11.191435813904 10 10 10 10 10 10 10 10 10 10 10.889989852905 12.490648269653 13.544449806213 13.600893974304 13.43399810791 13.158140182495 12.243680953979 10.965225219727 65.718276977539 64.945373535156 64.263542175293 63.687675476074 63.231346130371 62.899772644043 62.706954956055
