all/datos/01-EFM-Pronostico-de-Enero-2021-Lluvia/02_Febrero/GRDS/02_2021_Anom.grd
DSAA
390 228
-118.47924025641 -86.14575974359
14.037283991228 32.871016008772
-999 12.744939804077
[rows 58 to 86 of 228, columns 320 to 383 of 390]
-999 -999 -999 -999 -999 -999 -2.5629518032074 -2.8074381351471 -5.4313111305237 -7.157283782959 -8.1665496826172 -8.705150604248 -8.9253749847412 -8.8390855789185 -8.4475965499878 -7.7822613716125 -6.9222331047058 -6.0016288757324 -5.113347530365 -3.9988276958466 -1.5827989578247 -3.6684904098511 -3.8016257286072 -2.5410101413727 -0.44760337471962 -0.17037431895733 -0.83309531211853 -2.2318348884583 -3.0540359020233 -3.5134620666504 -3.7597463130951 -3.8678376674652 -3.8865969181061 -3.8494203090668 -3.7697184085846 -3.6342663764954 -3.4147477149963 -3.1081063747406 -2.7879576683044 -2.517674446106 -2.232076883316 -2.0805625915527 -2.5870373249054 -4.1965823173523 -6.6891989707947 -9.2175130844116 -10.977611541748 -11.84667301178 -12.12021446228 -12.084937095642 -11.907716751099 -999 -999 -999 -999 -999 -999 -999 -999 -999 -999 -999 -999 -999
-999 -999 -999 -999 -999 -999 -3.436363697052 -4.4761338233948 -5.757173538208 -7.1980895996094 -7.9421944618225 -8.2845945358276 -8.3651695251465 -8.200873374939 -7.8054509162903 -7.2605895996094 -6.6124682426453 -5.860255241394 -5.0875267982483 -4.3792967796326 -3.7126660346985 -3.7787866592407 -3.6940174102783 -1.9093919992447 -0.64948266744614 -0.37445750832558 -0.73799413442612 -2.0450479984283 -3.0252804756165 -3.6527473926544 -4.0151467323303 -4.208881855011 -4.3038973808289 -4.3431739807129 -4.3459453582764 -4.2988147735596 -4.1514682769775 -3.8608758449554 -3.509185552597 -3.2220952510834 -3.1059296131134 -3.356516122818 -4.298656463623 -6.2216529846191 -9.054515838623 -11.846691131592 -13.33758354187 -13.688570022583 -13.500758171082 -13.127021789551 -12.713311195374 -999 -999 -999 -999 -999 -999 -999 -999 -999 -999 -999 -999 -999
-999 -999 -999 -999 -999 -999 -999 -999 -999 -6.8377785682678 -7.4477047920227 -7.690083026886 -7.6371145248413 -7.3143715858459 -6.7792634963989 -6.2768030166626 -6.1726069450378 -5.5627059936523 -4.5700311660767 -4.2632503509521 -3.817253112793 -2.3983495235443 -3.0254762172699 -1.772020816803 -1.3583786487579 -1.231249332428 -0.83106291294098 -1.3156601190567 -2.6980760097504 -3.6381895542145 -4.2238554954529 -4.5382862091064 -4.7022576332092 -4.795627117157 -4.8536486625671 -4.8730120658875 -4.8048000335693 -4.5441555976868 -4.2282023429871 -4.0351781845093 -4.1160454750061 -4.6609811782837 -5.9040694236755 -8.0602264404297 -11.168123245239 -14.250836372375 -15.226199150085 -15.051785469055 -14.492363929749 -13.871912002563 -13.290472984314 -12.765127182007 -999 -999 -999 -999 -999 -999 -999 -999 -999 -999 -999 -999
-999 -999 -999 -999 -999 -999 -999 -999 -999 -999 -6.7041597366333 -6.8457617759705 -6.5328397750854 -5.7356219291687 -5.0008444786072 -3.9329540729523 -5.9229083061218 -5.3726224899292 -2.4081370830536 -3.0321063995361 -2.8880517482758 -1.484601855278 -1.5205235481262 -1.660230755806 -1.77135181427 -1.6903682947159 -1.0866873264313 -1.083490729332 -1.7759407758713 -3.3620040416718 -4.3379545211792 -4.8460054397583 -5.0771703720093 -5.1960954666138 -5.2636623382568 -5.2818918228149 -5.2112498283386 -5.0066757202148 -4.7795386314392 -4.7051267623901 -4.9477171897888 -5.6726894378662 -7.0532503128052 -9.2491989135742 -12.154672622681 -14.748220443726 -15.646503448486 -15.440314292908 -14.85268497467 -14.196372032166 -13.572615623474 -13.004002571106 -999 -999 -999 -999 -999 -999 -999 -999 -999 -999 -999 -999
-999 -999 -999 -999 -999 -999 -999 -999 -999 -999 -999 -999 -4.9309897422791 -2.6242825984955 -2.0597820281982 -3.4916820526123 -4.8816204071045 -4.5317425727844 -1.2975410223007 -0.59358304738998 -0.75449687242508 -0.91518354415894 -1.3441476821899 -1.8648905754089 -2.1341814994812 -1.7003501653671 -1.8259146213531 -1.2471882104874 -1.6352399587631 -2.785870552063 -4.4921875 -5.1681523323059 -5.4364433288574 -5.5539779663086 -5.5957145690918 -5.5703330039978 -5.4667100906372 -5.2947540283203 -5.1475987434387 -5.1716709136963 -5.5212373733521 -6.3160347938538 -7.5847535133362 -9.4532451629639 -11.716249465942 -13.712267875671 -14.747821807861 -14.911723136902 -14.601554870605 -14.102879524231 -13.554788589478 -13.014898300171 -999 -999 -999 -999 -999 -999 -999 -999 -999 -999 -999 -999
-999 -999 -999 -999 -999 -999 -999 -999 -999 -999 -999 -999 -999 -1.5476615428925 -1.1029472351074 -1.1900403499603 -1.7419114112854 -3.0373573303223 -0.6042172908783 0.0024517781566828 -0.37407764792442 -1.0354051589966 -1.7556186914444 -2.3864896297455 -2.6802549362183 -2.4672541618347 -1.7771366834641 -1.7425920963287 -2.2084665298462 -3.8930561542511 -4.9908528327942 -5.55384349823 -5.7986755371094 -5.8972668647766 -5.9066662788391 -5.8469777107239 -5.7253928184509 -5.5632934570313 -5.466733455658 -5.5712547302246 -5.949360370636 -6.8429985046387 -7.6566309928894 -9.0473136901855 -10.72066116333 -12.271551132202 -13.453455924988 -13.976981163025 -13.99077129364 -13.711946487427 -999 -999 -12.35750579834 -999 -999 -999 -999 -999 -999 -999 -999 -999 -999 -999
-999 -999 -999 -999 -999 -999 -999 -999 -999 -999 -999 -999 -999 -999 -1.9388167858124 -0.5781415104866 -0.33561339974403 -0.41746780276299 -0.10214138031006 -0.17842935025692 -0.79816246032715 -1.6351697444916 -2.4404878616333 -3.0703783035278 -3.2989847660065 -2.6114394664764 -2.4000627994537 -3.2261371612549 -3.2748508453369 -4.7477931976318 -5.5598840713501 -5.9754662513733 -6.1761336326599 -6.2507643699646 -6.2444610595703 -6.2160134315491 -6.1823196411133 -6.0374689102173 -5.9243106842041 -6.2000870704651 -6.4042925834656 -6.8449959754944 -7.5479598045349 -8.4980735778809 -9.8666563034058 -11.266123771667 -12.414890289307 -13.083124160767 -13.285663604736 -13.165497779846 -12.862078666687 -999 -999 -999 -999 -999 -999 -999 -999 -999 -999 -999 -999 -999
-999 -999 -999 -999 -999 -999 -999 -999 -999 -999 -999 -999 -999 -999 -0.93346166610718 -0.37212693691254 -0.033501759171486 0.010723013430834 -0.20761033892632 -0.73316758871078 -1.526437997818 -2.4492220878601 -3.2382397651672 -3.8232719898224 -4.1257085800171 -4.0221629142761 -3.4814958572388 -4.4232316017151 -4.9520058631897 -5.5750913619995 -6.0870490074158 -6.4041104316711 -6.5750465393066 -6.6328263282776 -6.6222229003906 -6.6826128959656 -7.0857367515564 -6.9563746452332 -6.6606779098511 -6.4349098205566 -6.3291997909546 -6.4822883605957 -7.0461134910583 -8.0155143737793 -9.2541427612305 -10.615789413452 -11.724849700928 -12.382905960083 -12.621453285217 -12.563681602478 -12.329071998596 -12.001036643982 -11.643336296082 -999 -999 -999 -999 -999 -999 -999 -999 -999 -999 -999
-999 -999 -999 -999 -999 -999 -999 -999 -999 -999 -999 -999 -999 -999 -0.71416294574738 -0.46417766809464 -0.33250206708908 -0.40129578113556 -0.88824456930161 -1.6695076227188 -2.498601436615 -3.4013328552246 -4.074649810791 -4.5448226928711 -4.8625063896179 -5.0038690567017 -5.0464873313904 -5.343777179718 -5.7577056884766 -6.1916942596436 -6.571620464325 -6.8405957221985 -6.9972519874573 -7.0472502708435 -7.0202164649963 -7.0544080734253 -7.4617552757263 -7.3532361984253 -6.9387273788452 -6.4680800437927 -6.1289110183716 -6.0630679130554 -6.5173349380493 -7.4956979751587 -8.7916173934937 -10.181630134583 -11.256450653076 -11.821970939636 -11.997978210449 -11.933385848999 -11.728828430176 -11.449767112732 -11.1428565979 -10.8615026474 -999 -999 -999 -999 -999 -999 -999 -999 -999 -999
-999 -999 -999 -999 -999 -999 -999 -999 -999 -999 -999 -999 -999 -999 -0.82846909761429 -0.80480110645294 -0.94331669807434 -1.2794394493103 -1.997954249382 -3.0396013259888 -3.9559187889099 -4.5388946533203 -4.9185662269592 -5.1732802391052 -5.3743557929993 -5.5374417304993 -5.6524767875671 -5.8283967971802 -6.1982383728027 -6.6305537223816 -7.0136036872864 -7.2789001464844 -7.4302453994751 -7.4911499023438 -7.4585771560669 -7.3611307144165 -7.3274946212769 -7.5148301124573 -7.0923457145691 -6.5458641052246 -6.1238827705383 -5.9648132324219 -6.2934331893921 -7.1606469154358 -8.4193029403687 -9.7848739624023 -10.80530166626 -11.244545936584 -11.342806816101 -11.255887985229 -999 -999 -999 -10.388844490051 -999 -999 -999 -999 -999 -999 -999 -999 -999 -999
-999 -999 -999 -999 -999 -999 -999 -999 -999 -999 -999 -999 -999 -999 -1.0946403741837 -1.2377321720123 -1.6413767337799 -2.2643406391144 -3.1813037395477 -4.4227342605591 -5.3336110115051 -5.6173343658447 -5.6644144058228 -5.6859169006348 -5.7297992706299 -5.821506023407 -5.9045553207397 -6.0963425636292 -6.4789037704468 -6.966739654541 -7.398754119873 -7.6638469696045 -7.8093695640564 -7.9165802001953 -7.9467158317566 -7.8128623962402 -7.6453819274902 -7.8497352600098 -7.3952422142029 -6.8689713478088 -6.4337086677551 -6.2084655761719 -6.3909196853638 -7.0761389732361 -8.0832853317261 -9.2868728637695 -10.145366668701 -10.530366897583 -10.590801239014 -10.511445999146 -999 -999 -999 -999 -999 -999 -999 -999 -999 -999 -999 -999 -999 -999
-999 -999 -999 -999 -999 -999 -999 -999 -999 -999 -999 -999 -999 -999 -999 -1.6865923404694 -2.2506201267242 -3.1680824756622 -4.29469871521 -5.605694770813 -6.282660484314 -6.3045430183411 -6.1065711975098 -5.9752540588379 -5.9716663360596 -5.905116558075 -5.9264898300171 -6.1427688598633 -6.5741934776306 -7.1356263160706 -7.6404905319214 -7.8888053894043 -8.0283613204956 -8.2326583862305 -8.3955011367798 -8.3453054428101 -8.1238126754761 -8.3191556930542 -7.8837428092957 -7.3661103248596 -6.9608545303345 -6.7514157295227 -6.8311262130737 -7.2774295806885 -7.9778428077698 -8.8318204879761 -9.461838722229 -9.7618675231934 -9.7433652877808 -9.7229890823364 -9.6762428283691 -9.6155462265015 -999 -999 -999 -999 -999 -999 -999 -999 -999 -999 -999 -999
-999 -999 -999 -999 -999 -999 -999 -999 -999 -999 -999 -999 -999 -999 -999 -999 -2.7882604598999 -3.9708065986633 -5.3695869445801 -6.5550599098206 -6.776424407959 -6.4892644882202 -6.1124572753906 -5.8451046943665 -5.7172474861145 -5.6241321563721 -5.6654963493347 -5.9335222244263 -6.4059076309204 -6.9996705055237 -7.5531988143921 -7.8262329101563 -8.0544233322144 -8.4616670608521 -8.7779560089111 -8.8255023956299 -8.648585319519 -8.3604526519775 -7.9969935417175 -7.6631674766541 -7.4309706687927 -7.4424924850464 -7.461621761322 -7.6734867095947 -8.0575284957886 -8.5094919204712 -8.8820657730103 -9.0928421020508 -9.1550350189209 -9.150691986084 -9.1154699325562 -9.0686111450195 -9.0402421951294 -999 -999 -999 -999 -999 -999 -999 -999 -999 -999 -999
-999 -999 -999 -999 -999 -999 -999 -999 -999 -999 -999 -999 -999 -999 -999 -999 -999 -4.3841876983643 -5.5785326957703 -6.4061341285706 -6.4743900299072 -6.1325120925903 -5.7678937911987 -5.4680280685425 -5.2524194717407 -5.1284012794495 -5.2272658348083 -5.5553488731384 -6.0190458297729 -6.5594673156738 -7.0964598655701 -7.5506649017334 -8.0947704315186 -8.81676197052 -9.3434858322144 -9.5221700668335 -9.4905643463135 -9.2315120697021 -8.8814077377319 -8.5783681869507 -8.3105907440186 -8.1020755767822 -8.067232131958 -8.1104488372803 -8.2651138305664 -8.4725694656372 -8.6569747924805 -8.7642183303833 -8.7822008132935 -8.7345609664917 -8.6542673110962 -8.5709762573242 -8.5326900482178 -999 -999 -999 -999 -999 -999 -999 -999 -999 -999 -999
-999 -999 -999 -999 -999 -999 -999 -999 -999 -999 -999 -999 -999 -999 -999 -999 -999 -4.3725605010986 -5.1301422119141 -5.5722851753235 -5.6150679588318 -5.4765887260437 -5.342698097229 -5.1615300178528 -4.9327921867371 -4.7543392181396 -4.8935623168945 -5.2268347740173 -5.591326713562 -6.0064196586609 -6.5523247718811 -7.2713222503662 -8.2571411132813 -9.401159286499 -10.271511077881 -10.61349773407 -10.604732513428 -10.330959320068 -9.9683856964111 -9.6263942718506 -9.2453460693359 -8.79993724823 -8.5108766555786 -8.4898986816406 -8.5232810974121 -8.5845956802368 -8.6319513320923 -8.6309490203857 -8.5615863800049 -8.4326963424683 -8.2691621780396 -8.1118326187134 -8.0345096588135 -999 -999 -999 -999 -999 -999 -999 -999 -999 -999 -999
-999 -999 -999 -999 -999 -999 -999 -999 -999 -999 -999 -999 -999 -999 -999 -999 -999 -4.1908917427063 -4.5923457145691 -4.7896542549133 -4.8744606971741 -4.9955387115479 -5.1218347549438 -5.112096786499 -4.9629321098328 -4.8323969841003 -4.9150462150574 -5.128333568573 -5.2921319007874 -5.4899282455444 -6.0145215988159 -6.9457874298096 -8.3437433242798 -9.9607543945313 -11.248852729797 -11.79994392395 -11.679069519043 -11.265072822571 -10.801387786865 -10.352103233337 -9.8420066833496 -9.2609510421753 -8.846227645874 -8.7849426269531 -8.7875518798828 -8.7760343551636 -8.7214784622192 -8.6188831329346 -8.4523191452026 -8.2273769378662 -7.9656553268433 -7.7106590270996 -7.5619692802429 -999 -999 -999 -999 -999 -999 -999 -999 -999 -999 -999
-999 -999 -999 -999 -999 -999 -999 -999 -999 -999 -999 -999 -999 -999 -999 -999 -999 -4.0707459449768 -4.290807723999 -4.4327998161316 -4.5956358909607 -4.8774366378784 -5.2301878929138 -5.3380069732666 -5.2464008331299 -5.1334137916565 -5.1257662773132 -5.182656288147 -5.1299743652344 -5.0438437461853 -5.486752986908 -6.5905013084412 -8.2901039123535 -10.195484161377 -11.66499042511 -12.365038871765 -12.245135307312 -11.768946647644 -11.214682579041 -10.654481887817 -10.058815002441 -9.479453086853 -9.0874166488647 -8.9562911987305 -9.077054977417 -9.0285959243774 -8.8922719955444 -8.6959276199341 -8.435809135437 -8.1183443069458 -7.7599759101868 -7.4020915031433 -7.1551356315613 -999 -999 -999 -999 -999 -999 -999 -999 -999 -999 -999
-999 -999 -999 -999 -999 -999 -999 -999 -999 -999 -999 -999 -999 -999 -999 -999 -999 -4.073694229126 -4.2027411460876 -4.3394465446472 -4.6089544296265 -5.0961513519287 -5.5531139373779 -5.6363439559937 -5.5383024215698 -5.4004940986633 -5.2492747306824 -5.068772315979 -4.7664494514465 -4.4169344902039 -4.9287099838257 -6.3359198570251 -8.2323627471924 -10.179696083069 -11.567756652832 -12.237684249878 -12.227729797363 -11.817958831787 -11.262369155884 -10.671607971191 -10.076972961426 -9.5822906494141 -9.4946441650391 -9.3797092437744 -9.3883962631226 -9.3150253295898 -9.1203413009644 -8.8447599411011 -8.5027351379395 -8.1076231002808 -7.6764125823975 -7.2468128204346 -6.9144735336304 -6.8534903526306 -999 -999 -999 -999 -999 -999 -999 -999 -999 -999
-999 -999 -999 -999 -999 -999 -999 -999 -999 -999 -999 -999 -999 -999 -999 -999 -999 -4.1730117797852 -4.2124552726746 -4.2825679779053 -4.5402574539185 -5.1099510192871 -5.57404088974 -5.6399183273315 -5.6026530265808 -5.5063333511353 -5.237464427948 -4.7685523033142 -4.0987977981567 -3.7828512191772 -4.5599417686462 -6.1925930976868 -8.1806020736694 -10.013582229614 -11.298831939697 -11.918749809265 -11.953036308289 -11.606399536133 -11.086384773254 -10.522187232971 -9.9811639785767 -9.5245790481567 -9.2264070510864 -9.1318836212158 -9.4777269363403 -9.5314865112305 -9.3575801849365 -9.0352563858032 -8.6316299438477 -8.180103302002 -7.7088985443115 -7.2615423202515 -6.9201526641846 -6.8083367347717 -999 -999 -999 -999 -999 -8.9710502624512 -999 -999 -999 -999
-999 -999 -999 -999 -999 -999 -999 -999 -999 -999 -999 -999 -999 -999 -999 -999 -999 -4.3460283279419 -4.2608246803284 -4.1592988967896 -4.2109055519104 -4.5294055938721 -4.9599947929382 -5.1843423843384 -5.3092999458313 -5.3898830413818 -5.2104005813599 -4.7856440544128 -4.1237754821777 -3.9805219173431 -4.803671836853 -6.3758025169373 -8.3541402816772 -10.026650428772 -11.178829193115 -11.720307350159 -11.716619491577 -11.361753463745 -10.842970848083 -10.296553611755 -9.8116312026978 -9.4077796936035 -9.0967664718628 -8.9569149017334 -9.0986194610596 -9.5893611907959 -9.5192041397095 -9.1969547271729 -8.7710819244385 -8.2924652099609 -7.8043479919434 -7.3627309799194 -7.0258827209473 -6.848198890686 -6.8173766136169 -999 -999 -999 -999 -8.7916193008423 -8.8833055496216 -999 -999 -999
-999 -999 -999 -999 -999 -999 -999 -999 -999 -999 -999 -999 -999 -999 -999 -999 -999 -4.596999168396 -4.3631401062012 -4.0398316383362 -3.8666400909424 -3.9691660404205 -4.2377853393555 -4.4731163978577 -4.6902318000793 -4.9081344604492 -5.0154685974121 -4.9840984344482 -4.7064309120178 -4.7941884994507 -5.6479749679565 -7.1261134147644 -8.8354768753052 -10.313991546631 -11.357191085815 -11.814473152161 -11.700107574463 -11.251132011414 -10.650624275208 -10.057506561279 -9.6037845611572 -9.2881269454956 -9.0510635375977 -8.9050769805908 -8.9767189025879 -9.4761295318604 -9.4393243789673 -9.176477432251 -8.8266572952271 -8.370044708252 -7.8778991699219 -7.4363522529602 -7.0849022865295 -6.8187465667725 -6.5761046409607 -6.3231177330017 -999 -999 -999 -8.1630620956421 -8.2464036941528 -999 -999 -999
-999 -999 -999 -999 -999 -999 -999 -999 -999 -999 -999 -999 -999 -999 -999 -999 -999 -4.920120716095 -4.5480489730835 -3.992693901062 -3.6010322570801 -3.5236678123474 -3.6164591312408 -3.789642572403 -4.0122628211975 -4.3174567222595 -4.64328956604 -4.9297094345093 -5.1618676185608 -5.6104192733765 -6.5319819450378 -7.903923034668 -9.4366722106934 -10.806146621704 -11.816431045532 -12.256259918213 -12.040678024292 -11.434460639954 -10.651460647583 -9.9236698150635 -9.4819345474243 -9.2723407745361 -9.1212749481201 -8.9783658981323 -8.920557975769 -8.9591722488403 -8.8936624526978 -8.7446269989014 -8.7236108779907 -8.3293676376343 -7.8408856391907 -7.3885402679443 -6.9948129653931 -6.5994181632996 -6.089038848877 -5.2764935493469 -4.9733443260193 -999 -999 -999 -999 -999 -999 -999
-999 -999 -999 -999 -999 -999 -999 -999 -999 -999 -999 -999 -999 -999 -999 -999 -999 -5.2202167510986 -4.7880330085754 -4.0982933044434 -3.5550351142883 -3.3572869300842 -3.326916217804 -3.3878026008606 -3.5400378704071 -3.8483791351318 -4.2718253135681 -4.7657504081726 -5.3214302062988 -6.0702276229858 -7.1481680870056 -8.5537605285645 -10.061381340027 -11.419132232666 -12.449370384216 -12.930647850037 -12.699892044067 -11.974499702454 -11.019330024719 -10.117686271667 -9.6845378875732 -9.5420846939087 -9.4153470993042 -9.2403430938721 -9.0734796524048 -8.9522066116333 -8.7814950942993 -8.5773210525513 -8.4739274978638 -8.1000137329102 -7.6230034828186 -7.1426196098328 -6.6572103500366 -6.0800185203552 -5.2273888587952 -4.6369047164917 -4.1753935813904 -4.0310201644897 -999 -999 -999 -999 -999 -999
-999 -999 -999 -999 -999 -999 -999 -999 -999 -999 -999 -999 -999 -999 -999 -999 -999 -999 -4.9699068069458 -4.3619918823242 -3.8062744140625 -3.504959821701 -3.3865733146667 -3.3496317863464 -3.3900246620178 -3.670284986496 -4.1253967285156 -4.6656537055969 -5.3089780807495 -6.203727722168 -7.4961242675781 -9.0401973724365 -10.613628387451 -12.011828422546 -13.096687316895 -13.680117607117 -13.485934257507 -12.798848152161 -11.883667945862 -11.014554977417 -10.509208679199 -10.240485191345 -10.009429931641 -9.769154548645 -9.5265522003174 -9.2526206970215 -8.8691902160645 -8.3901014328003 -7.9276666641235 -7.6704454421997 -7.181960105896 -6.635627746582 -6.0032520294189 -5.0772204399109 -4.5625600814819 -4.1758489608765 -3.651891708374 -3.2734546661377 -3.2904510498047 -999 -999 -999 -999 -999
-999 -999 -999 -999 -999 -999 -999 -999 -999 -999 -999 -999 -999 -999 -999 -999 -999 -999 -5.0637536048889 -4.5962491035461 -4.1055507659912 -3.7939245700836 -3.6645171642303 -3.6224753856659 -3.6424133777618 -3.8576006889343 -4.2542915344238 -4.7539176940918 -5.3995623588562 -6.3539175987244 -7.7919564247131 -9.4277400970459 -11.03685092926 -12.457762718201 -13.554523468018 -14.162402153015 -14.164449691772 -13.730818748474 -13.072017669678 -12.375826835632 -11.789305686951 -11.257007598877 -10.824584960938 -10.504566192627 -10.20866394043 -9.754467010498 -9.0824031829834 -8.2834434509277 -7.5415482521057 -7.1224465370178 -6.4945464134216 -5.8146748542786 -5.0494365692139 -4.0627679824829 -3.6563169956207 -3.4245722293854 -2.9866285324097 -2.5729188919067 -2.3920381069183 -2.4619550704956 -999 -999 -999 -999
-999 -999 -999 -999 -999 -999 -999 -999 -999 -999 -999 -999 -999 -999 -999 -999 -999 -999 -5.0365171432495 -4.6929721832275 -4.2997331619263 -4.0306296348572 -3.9463803768158 -3.9839713573456 -4.0358138084412 -4.23362159729 -4.5812664031982 -5.042323589325 -5.7263774871826 -6.7749347686768 -8.204119682312 -9.8127069473267 -11.38879776001 -12.777160644531 -13.832728385925 -14.448031425476 -14.651684761047 -14.565460205078 -14.256202697754 -13.742854118347 -13.061608314514 -12.311256408691 -11.675475120544 -11.303994178772 -11.027677536011 -10.378881454468 -9.3927698135376 -8.2878227233887 -7.255343914032 -6.4989304542542 -5.579484462738 -4.6412577629089 -3.7149930000305 -2.7594377994537 -2.3957633972168 -2.2536468505859 -2.0228977203369 -1.7365993261337 -1.5336261987686 -1.49340736866 -1.626011967659 -999 -999 -999
-999 -999 -999 -999 -999 -999 -999 -999 -999 -999 -999 -999 -999 -999 -999 -999 -999 -999 -999 -4.6703839302063 -4.359504699707 -4.129994392395 -4.0704803466797 -4.1795754432678 -4.3751120567322 -4.6489791870117 -4.9922523498535 -5.4421339035034 -6.1634125709534 -7.242772102356 -8.6366739273071 -10.169597625732 -11.663991928101 -12.992294311523 -13.972034454346 -14.563716888428 -14.897430419922 -15.131867408752 -15.223394393921 -14.928177833557 -14.188738822937 -13.274329185486 -12.476696968079 -12.030665397644 -11.870373725891 -10.969973564148 -9.7111921310425 -8.3718156814575 -7.0632882118225 -5.8848757743835 -4.6181001663208 -3.3974001407623 -2.2929365634918 -1.4632441997528 -1.125936627388 -1.0572364330292 -0.98951703310013 -0.83605581521988 -0.66409736871719 -0.57965153455734 -0.67742031812668 -999 -999 -999
-999 -999 -999 -999 -999 -999 -999 -999 -999 -999 -999 -999 -999 -999 -999 -999 -999 -999 -999 -999 -4.382981300354 -4.1705732345581 -4.1220054626465 -4.3321084976196 -4.6994223594666 -5.1206474304199 -5.5501780509949 -6.0228509902954 -6.6670203208923 -7.6349391937256 -8.9010353088379 -10.340153694153 -11.749105453491 -13.044937133789 -13.94685459137 -14.469172477722 -14.815824508667 -15.276100158691 -15.785724639893 -15.764061927795 -15.023244857788 -14.083779335022 -13.28312587738 -12.761038780212 -12.301456451416 -11.315037727356 -9.9732999801636 -8.5109128952026 -6.9962077140808 -5.4582409858704 -3.9705924987793 -2.7949492931366 -1.662348985672 -0.91835260391235 -0.25692915916443 -0.15619547665119 -0.14664995670319 -0.049628775566816 0.12195225059986 0.26308637857437 0.20303846895695 -999 -999 -999
-999 -999 -999 -999 -999 -999 -999 -999 -999 -999 -999 -999 -999 -999 -999 -999 -999 -999 -999 -999 -999 -999 -4.2795815467834 -4.5987348556519 -5.1012754440308 -5.6707572937012 -6.2289471626282 -6.7261838912964 -7.2228813171387 -7.9011960029602 -8.855749130249 -10.052082061768 -11.421864509583 -12.774800300598 -13.66039276123 -14.16185092926 -14.42689704895 -14.921879768372 -15.666981697083 -15.885154724121 -15.349339485168 -14.602219581604 -13.940848350525 -13.345279693604 -12.596436500549 -11.559218406677 -10.230600357056 -8.7366933822632 -7.1125450134277 -5.4155859947205 -3.7946293354034 -2.5162258148193 -1.4139407873154 -0.64941048622131 0.10443598031998 0.29003754258156 0.34655848145485 0.46584060788155 0.66655468940735 0.86400806903839 0.87001621723175 -999 -999 -999
