all/datos/01-EFM-Pronostico-de-Enero-2021-Lluvia/02_Febrero/GRDS/02_2021_Anom.grd
DSAA
390 228
-118.47924025641 -86.14575974359
14.037283991228 32.871016008772
-999 12.744939804077
[rows 145 to 173 of 228, columns 192 to 255 of 390]
-0.63041400909424 -0.75918936729431 -1.029113650322 -1.4656007289886 -2.0286448001862 -2.2498676776886 -2.3662550449371 -2.4561445713043 -2.5463161468506 -2.6456391811371 -2.5802621841431 -2.6866116523743 -2.8810434341431 -3.1892035007477 -3.6223673820496 -4.1716208457947 -4.5636043548584 -4.7363505363464 -4.563328742981 -4.1659173965454 -3.831413269043 -3.8010663986206 -4.0361895561218 -4.3665652275085 -4.7384986877441 -5.2326641082764 -5.960216999054 -7.0209321975708 -8.1390314102173 -8.7799825668335 -8.9557886123657 -8.7225303649902 -9.3674755096436 -10.401237487793 -11.489072799683 -12.19651222229 -12.10325717926 -11.63985824585 -11.069272994995 -10.544345855713 -10.22716999054 -10.255856513977 -10.329040527344 -10.279620170593 -10.082580566406 -9.7701196670532 -9.3382987976074 -8.7640256881714 -8.1354236602783 -7.7381501197815 -7.9015679359436 -8.9104270935059 -999 -999 -999 -999 -999 -999 -999 -999 -999 -999 -999 -999
-0.75804913043976 -0.947614133358 -1.3181725740433 -1.9379675388336 -2.2756123542786 -2.4453392028809 -2.5435190200806 -2.6319994926453 -2.7275502681732 -2.8169553279877 -2.8806195259094 -2.9497961997986 -2.9583804607391 -3.1965484619141 -3.6638336181641 -4.0910806655884 -4.4559192657471 -4.6502985954285 -4.5053849220276 -4.1293630599976 -3.8152720928192 -3.9081711769104 -4.2895178794861 -4.7093372344971 -5.0829315185547 -5.521472454071 -6.219174861908 -7.4128427505493 -8.2912759780884 -8.6548223495483 -8.328236579895 -8.6991338729858 -9.5833196640015 -10.741214752197 -11.853963851929 -12.547558784485 -12.598017692566 -12.268511772156 -11.833172798157 -11.464424133301 -11.294121742249 -11.329290390015 -11.355428695679 -11.200894355774 -10.871094703674 -10.450353622437 -9.9390573501587 -9.2608060836792 -8.4961910247803 -8.0538005828857 -999 -999 -999 -999 -999 -999 -999 -999 -999 -999 -999 -999 -999 -999
-0.90686976909637 -1.19975066185 -1.8733315467834 -2.3041241168976 -2.5343370437622 -2.6441576480865 -2.7121703624725 -2.7787256240845 -2.855019569397 -2.9357595443726 -3.0112030506134 -3.0745842456818 -3.1397821903229 -3.2875399589539 -3.5516097545624 -3.8892855644226 -4.2273206710815 -4.4390397071838 -4.4205679893494 -4.2450776100159 -4.1467576026917 -4.3517928123474 -4.7961268424988 -5.2519397735596 -5.5781855583191 -5.8853192329407 -6.3219318389893 -6.9710726737976 -7.8704996109009 -7.6928505897522 -7.9123339653015 -8.5659914016724 -9.576997756958 -10.730154037476 -11.766729354858 -12.456762313843 -12.703079223633 -12.636292457581 -12.460159301758 -12.33789730072 -12.3627576828 -12.481977462769 -12.482881546021 -12.207836151123 -11.708789825439 -11.150681495667 -10.591012001038 -9.9338970184326 -999 -999 -999 -999 -999 -999 -999 -999 -999 -999 -999 -999 -999 -999 -999 -999
-1.0325860977173 -1.3509337902069 -2.0603573322296 -2.5169694423676 -2.7426526546478 -2.8299062252045 -2.8718750476837 -2.9114429950714 -2.9603824615479 -3.0159859657288 -3.0694015026093 -3.1130359172821 -3.1512925624847 -3.2132573127747 -3.3536472320557 -3.6332523822784 -3.987612247467 -4.266462802887 -4.4064092636108 -4.4696936607361 -4.604727268219 -4.9302520751953 -5.4011845588684 -5.830924987793 -6.0788998603821 -6.2105021476746 -6.3587222099304 -6.5664882659912 -7.0013909339905 -7.2928147315979 -7.7133688926697 -8.4592037200928 -9.470757484436 -10.559284210205 -11.531084060669 -12.245270729065 -12.657051086426 -12.836812973022 -12.916741371155 -13.025089263916 -13.233963012695 -13.458546638489 -13.448315620422 -13.05052947998 -12.447345733643 -999 -999 -999 -999 -999 -999 -999 -999 -999 -999 -999 -999 -999 -999 -999 -999 -999 -999 -999
-1.1274188756943 -1.391789317131 -1.8727968931198 -2.606999874115 -2.9101409912109 -2.9996633529663 -3.0218341350555 -3.0368454456329 -3.0606133937836 -3.0904960632324 -3.1188199520111 -3.138943195343 -3.14728307724 -3.1504511833191 -3.2024791240692 -3.4053211212158 -3.842137336731 -4.1938419342041 -4.465892791748 -4.7075653076172 -4.9972867965698 -5.3961734771729 -5.8747601509094 -6.2483305931091 -6.3474826812744 -6.318920135498 -6.2514653205872 -6.5599608421326 -6.9741973876953 -7.3258528709412 -7.768584728241 -8.4791193008423 -9.402174949646 -10.399976730347 -11.317258834839 -12.055579185486 -12.585656166077 -12.946365356445 -13.219716072083 -13.489208221436 -13.800540924072 -14.032561302185 -999 -999 -999 -999 -999 -999 -999 -999 -999 -999 -999 -999 -999 -999 -999 -999 -999 -999 -999 -999 -999 -999
-1.2104263305664 -1.4452242851257 -1.8915401697159 -2.6896686553955 -3.044694185257 -3.1439123153687 -3.1553118228912 -3.1530389785767 -3.1578652858734 -3.1684868335724 -3.1806392669678 -3.1924498081207 -3.2025640010834 -3.2055015563965 -3.1992497444153 -3.4885482788086 -3.848541021347 -4.2170166969299 -4.561023235321 -4.8859286308289 -5.1892800331116 -5.4979863166809 -5.9092669487 -6.2314982414246 -5.9730768203735 -6.0193099975586 -6.296311378479 -6.758759021759 -7.2566194534302 -7.6034655570984 -7.9975790977478 -8.6435928344727 -9.4522695541382 -10.335224151611 -11.189648628235 -11.93080329895 -12.527792930603 -13.000001907349 -13.397272109985 -13.766227722168 -14.093406677246 -14.237615585327 -999 -999 -999 -999 -999 -999 -999 -999 -999 -999 -999 -999 -999 -999 -999 -999 -999 -999 -999 -999 -999 -999
-1.282589673996 -1.5033626556396 -1.9086067676544 -2.6814088821411 -3.0877730846405 -3.2320957183838 -3.2562732696533 -3.2514793872833 -3.2468955516815 -3.2460522651672 -3.2498655319214 -3.2644486427307 -3.2978024482727 -3.3537375926971 -3.4484963417053 -3.6425764560699 -3.9458866119385 -4.2987103462219 -4.655385017395 -4.9741020202637 -5.1544833183289 -4.974657535553 -5.1921706199646 -5.5105218887329 -5.7392373085022 -6.0145010948181 -6.4467077255249 -6.9829535484314 -7.5031414031982 -7.9182295799255 -8.3465375900269 -8.9186563491821 -9.610692024231 -10.376363754272 -11.156545639038 -11.870339393616 -12.48436164856 -13.003580093384 -13.453879356384 -13.847832679749 -14.137038230896 -999 -999 -999 -999 -999 -999 -999 -999 -999 -999 -999 -999 -999 -999 -999 -999 -999 -999 -999 -999 -999 -999 -999
-1.3366395235062 -1.5287625789642 -1.8281779289246 -2.3011922836304 -2.9716920852661 -3.2285399436951 -3.306542634964 -3.3239634037018 -3.3233373165131 -3.3169412612915 -3.3126015663147 -3.3241968154907 -3.36949634552 -3.4642884731293 -3.6104817390442 -3.7913999557495 -4.074049949646 -4.4153809547424 -4.7447571754456 -4.9877138137817 -5.051118850708 -4.7940397262573 -4.9385180473328 -5.2755966186523 -5.6793246269226 -6.1398115158081 -6.6649088859558 -7.2044196128845 -7.7176203727722 -8.192403793335 -8.6758308410645 -9.2165088653564 -9.8275003433228 -10.499914169312 -11.193370819092 -11.85283946991 -12.44379901886 -12.957945823669 -13.401209831238 -13.760982513428 -999 -999 -999 -999 -999 -999 -999 -999 -999 -999 -999 -999 -999 -999 -999 -999 -999 -999 -999 -999 -999 -999 -999 -999
-1.3839267492294 -1.5385186672211 -1.7422026395798 -2.0837426185608 -2.7370553016663 -3.1100108623505 -3.2937989234924 -3.3682346343994 -3.3869287967682 -3.3775343894958 -3.3574373722076 -3.3506481647491 -3.382297039032 -3.4743444919586 -3.6423835754395 -3.8842329978943 -4.2209892272949 -4.6096339225769 -4.9022808074951 -5.0071468353271 -4.8710994720459 -4.9330735206604 -5.0386772155762 -5.3230986595154 -5.7833871841431 -6.3847332000732 -7.0284523963928 -7.4980301856995 -7.9478163719177 -8.4378757476807 -8.9483337402344 -9.4770631790161 -10.038359642029 -10.637808799744 -11.253014564514 -11.849360466003 -12.394367218018 -12.870313644409 -13.274821281433 -13.58890247345 -999 -999 -999 -999 -999 -999 -999 -999 -999 -999 -999 -999 -999 -999 -999 -999 -999 -999 -999 -999 -999 -999 -999 -999
-1.4494163990021 -1.5683232545853 -1.6987301111221 -1.8998863697052 -2.25412940979 -2.8560118675232 -3.2096087932587 -3.389408826828 -3.4471578598022 -3.433468580246 -3.3860094547272 -3.3454577922821 -3.3494684696198 -3.4321191310883 -3.6243951320648 -3.9461331367493 -4.4129643440247 -5.013060092926 -5.3349800109863 -5.1935839653015 -5.3189516067505 -5.7672815322876 -5.445999622345 -5.5951247215271 -6.0566711425781 -6.797224521637 -7.8721270561218 -7.9191918373108 -8.2298641204834 -8.7000932693481 -9.2168807983398 -9.7167501449585 -10.221945762634 -10.754075050354 -11.299551963806 -11.832430839539 -12.322810173035 -12.749126434326 -13.108776092529 -13.385811805725 -999 -999 -999 -999 -999 -999 -999 -999 -999 -999 -999 -999 -999 -999 -999 -999 -999 -999 -999 -999 -999 -999 -999 -999
-1.552561044693 -1.6432663202286 -1.7273905277252 -1.835565328598 -2.0429346561432 -2.4439649581909 -3.0720539093018 -3.4053230285645 -3.526344537735 -3.5059554576874 -3.414852142334 -3.3254773616791 -3.2940814495087 -3.3646264076233 -3.5819573402405 -3.9981050491333 -4.6908712387085 -5.3226170539856 -5.7886099815369 -6.0815873146057 -6.3514866828918 -6.5026869773865 -6.1367063522339 -6.2295813560486 -6.6496968269348 -7.3823871612549 -8.4327545166016 -8.4180994033813 -8.5952987670898 -9.0381298065186 -9.5866851806641 -9.9841823577881 -10.382981300354 -10.839489936829 -11.317790985107 -11.786975860596 -12.221866607666 -12.60440158844 -12.92689037323 -999 -999 -999 -999 -999 -999 -999 -999 -999 -999 -999 -999 -999 -999 -999 -999 -999 -999 -999 -999 -999 -999 -999 -999 -999
-1.6988283395767 -1.775160908699 -1.8456344604492 -1.9276229143143 -2.0810904502869 -2.399932384491 -2.8865711688995 -3.4592673778534 -3.639675617218 -3.606436252594 -3.4556493759155 -3.306786775589 -3.2344315052032 -3.2892892360687 -3.5298955440521 -4.0263690948486 -4.842255115509 -5.5969262123108 -6.2127323150635 -6.6812429428101 -7.0252633094788 -7.2183704376221 -7.2779188156128 -7.4333691596985 -7.7955508232117 -8.4007978439331 -9.0138607025146 -9.2137784957886 -9.0095529556274 -9.4081974029541 -10.255864143372 -10.238438606262 -10.509485244751 -10.892634391785 -11.308016777039 -11.719679832458 -12.105849266052 -12.450919151306 -999 -999 -999 -999 -999 -999 -999 -999 -999 -999 -999 -999 -999 -999 -999 -999 -999 -999 -999 -999 -999 -999 -999 -999 -999 -999
-1.8784198760986 -1.9533168077469 -2.0297155380249 -2.1207649707794 -2.2738583087921 -2.5893955230713 -3.2113027572632 -3.6031632423401 -3.7686054706573 -3.7255918979645 -3.5271034240723 -3.3283429145813 -3.2186787128448 -3.2496893405914 -3.5192985534668 -4.1102619171143 -5.0488123893738 -5.9376263618469 -6.6610569953918 -7.1985211372375 -7.5788469314575 -7.8267588615417 -7.9959888458252 -8.1877899169922 -8.4991388320923 -9.0159206390381 -9.4810085296631 -9.3395109176636 -9.36110496521 -9.6578617095947 -10.064387321472 -10.31679058075 -10.58131980896 -10.913288116455 -11.275129318237 -11.639035224915 -11.985608100891 -12.300446510315 -999 -999 -999 -999 -999 -999 -999 -999 -999 -999 -999 -999 -999 -999 -999 -999 -999 -999 -999 -999 -999 -999 -999 -999 -999 -999
-2.0769636631012 -2.1580405235291 -2.2476608753204 -2.3541376590729 -2.5090899467468 -2.7933812141418 -3.333548784256 -3.6652460098267 -3.852682352066 -3.848032951355 -3.6659908294678 -3.4621810913086 -3.3424174785614 -3.3544557094574 -3.6669359207153 -4.4139194488525 -5.4411787986755 -6.4294600486755 -7.1904549598694 -7.7046999931335 -8.1012020111084 -8.3701620101929 -8.5665969848633 -8.7925271987915 -9.1303930282593 -9.5910148620605 -9.9877328872681 -10.074195861816 -9.8148527145386 -10.036393165588 -10.215334892273 -10.38879108429 -10.621011734009 -10.906461715698 -11.223974227905 -11.550824165344 -11.867593765259 -12.159818649292 -999 -999 -999 -999 -999 -999 -999 -999 -999 -999 -999 -999 -999 -999 -999 -999 -999 -999 -999 -999 -999 -999 -999 -999 -999 -999
-2.2832479476929 -2.374843120575 -2.4787368774414 -2.5977365970612 -2.7447538375854 -2.9509596824646 -3.2189981937408 -3.4877090454102 -3.8407578468323 -3.9236104488373 -3.8388540744781 -3.7246556282043 -3.7005136013031 -3.783586025238 -4.1431016921997 -4.9864158630371 -6.0571670532227 -7.0657954216003 -7.7603931427002 -8.0148820877075 -8.5303354263306 -8.821141242981 -9.034649848938 -9.3103456497192 -9.706563949585 -10.123288154602 -10.344102859497 -10.087677955627 -10.189414024353 -10.758563995361 -10.460506439209 -10.484086990356 -10.643343925476 -10.877220153809 -11.159195899963 -11.460763931274 -11.757600784302 -999 -999 -999 -999 -999 -999 -999 -999 -999 -999 -999 -999 -999 -999 -999 -999 -999 -999 -999 -999 -999 -999 -999 -999 -999 -999 -999
-2.4894843101501 -2.5948572158813 -2.7129144668579 -2.8411700725555 -2.98379945755 -3.1465218067169 -3.3274598121643 -3.5241739749908 -3.7279732227325 -3.859344959259 -3.9092147350311 -4.030424118042 -4.3487849235535 -4.5735478401184 -5.0262117385864 -5.8075513839722 -6.7668542861938 -7.7060546875 -8.2082366943359 -8.4983472824097 -8.6774053573608 -9.0214853286743 -9.2140197753906 -9.5434560775757 -10.037030220032 -10.408511161804 -10.28692150116 -10.271195411682 -10.36909198761 -10.528025627136 -10.531744003296 -10.547152519226 -10.648884773254 -10.835886955261 -11.094096183777 -11.380372047424 -11.663266181946 -999 -999 -999 -999 -999 -999 -999 -999 -999 -999 -999 -999 -999 -999 -999 -999 -999 -999 -999 -999 -999 -999 -999 -999 -999 -999 -999
-2.6880977153778 -2.8068962097168 -2.9378836154938 -3.0781180858612 -3.2272593975067 -3.3844470977783 -3.5471630096436 -3.7174341678619 -3.9137065410614 -4.2044320106506 -4.3507061004639 -4.8693308830261 -5.1936206817627 -5.5063877105713 -5.9901938438416 -6.6665868759155 -7.2776494026184 -8.0858106613159 -8.7679452896118 -8.943793296814 -8.8617086410522 -8.8061723709106 -8.8745565414429 -9.2180757522583 -9.9667835235596 -10.200166702271 -10.419995307922 -10.477633476257 -10.520561218262 -10.564322471619 -10.583178520203 -10.603503227234 -10.666207313538 -10.815543174744 -11.058234214783 -11.328724861145 -11.595823287964 -999 -999 -999 -999 -999 -999 -999 -999 -999 -999 -999 -999 -999 -999 -999 -999 -999 -999 -999 -999 -999 -999 -999 -999 -999 -999 -999
-2.8739538192749 -3.0051250457764 -3.1492908000946 -3.3039491176605 -3.4673302173615 -3.636753320694 -3.8093459606171 -3.989550113678 -4.2065010070801 -4.5160512924194 -4.963746547699 -5.6621427536011 -6.0464916229248 -6.3932418823242 -6.8674249649048 -7.4862389564514 -8.1349077224731 -8.57200050354 -9.0428266525269 -9.0919027328491 -8.8870239257813 -8.6958341598511 -8.6815805435181 -8.9728946685791 -9.5292091369629 -10.041682243347 -10.406310081482 -10.569894790649 -10.629228591919 -10.654237747192 -10.66836643219 -10.689210891724 -10.743913650513 -10.872878074646 -11.081427574158 -11.321926116943 -11.565220832825 -999 -999 -999 -999 -999 -999 -999 -999 -999 -999 -999 -999 -999 -999 -999 -999 -999 -999 -999 -999 -999 -999 -999 -999 -999 -999 -999
-3.0448160171509 -3.1888563632965 -3.3473773002625 -3.5187830924988 -3.6998934745789 -3.8878548145294 -4.0810480117798 -4.2879099845886 -4.5562844276428 -5.0185775756836 -5.8892126083374 -6.4565982818604 -6.8279314041138 -7.1628580093384 -7.5818638801575 -8.1091575622559 -8.6682405471802 -9.1344604492188 -9.3554410934448 -9.001651763916 -8.7522821426392 -8.5793495178223 -8.5829362869263 -8.8742799758911 -9.3728618621826 -9.8943090438843 -10.300209999084 -10.540148735046 -10.657796859741 -10.716040611267 -10.753396034241 -10.794003486633 -10.86209487915 -10.981483459473 -11.154085159302 -11.357941627502 -999 -999 -999 -999 -999 -999 -999 -999 -999 -999 -999 -999 -999 -999 -999 -999 -999 -999 -999 -999 -999 -999 -999 -999 -999 -999 -999 -999
-3.2002055644989 -3.3588869571686 -3.5334286689758 -3.7222173213959 -3.922039270401 -4.1303472518921 -4.3467884063721 -4.5856513977051 -4.9141507148743 -5.5185394287109 -6.5484843254089 -7.1555309295654 -7.5107116699219 -7.7874345779419 -8.0848588943481 -8.4351682662964 -8.7845859527588 -9.028847694397 -9.1030569076538 -8.7092399597168 -8.5491428375244 -8.4894237518311 -8.5825357437134 -8.8901596069336 -9.3360605239868 -9.8031558990479 -10.194393157959 -10.467897415161 -10.637763977051 -10.743222236633 -10.818907737732 -10.890155792236 -10.977433204651 -11.095074653625 -999 -999 -999 -999 -999 -999 -999 -999 -999 -999 -999 -999 -999 -999 -999 -999 -999 -999 -999 -999 -999 -999 -999 -999 -999 -999 -999 -999 -999 -999
-3.3415336608887 -3.515882730484 -3.706921339035 -3.9128994941711 -4.1310486793518 -4.3592662811279 -4.5983500480652 -4.8655309677124 -5.234806060791 -5.8929324150085 -7.0609979629517 -7.7230076789856 -8.0486583709717 -8.1977195739746 -8.2731342315674 -8.3240690231323 -8.403829574585 -8.1800117492676 -8.2685985565186 -8.3204078674316 -8.3704299926758 -8.4616327285767 -8.6442365646362 -8.9526252746582 -9.3487396240234 -9.7589807510376 -10.120928764343 -10.403422355652 -10.607035636902 -10.752668380737 -10.86524105072 -10.965725898743 -11.070699691772 -999 -999 -999 -999 -999 -999 -999 -999 -999 -999 -999 -999 -999 -999 -999 -999 -999 -999 -999 -999 -999 -999 -999 -999 -999 -999 -999 -999 -999 -999 -999
-3.4685308933258 -3.6589176654816 -3.8662722110748 -4.0890030860901 -4.3244962692261 -4.5711603164673 -4.8298501968384 -5.1175909042358 -5.5078563690186 -6.194787979126 -7.4069571495056 -8.0705986022949 -8.2991933822632 -8.1897287368774 -7.9846839904785 -7.4770684242249 -7.4836802482605 -7.6118516921997 -7.8354902267456 -8.0626983642578 -8.2609272003174 -8.4610004425049 -8.7056245803833 -9.0172967910767 -9.3785552978516 -9.7471084594727 -10.083177566528 -10.364568710327 -10.58692073822 -10.760191917419 -10.900728225708 -11.024056434631 -999 -999 -999 -999 -999 -999 -999 -999 -999 -999 -999 -999 -999 -999 -999 -999 -999 -999 -999 -999 -999 -999 -999 -999 -999 -999 -999 -999 -999 -999 -999 -999
-3.5804197788239 -3.7869024276733 -4.010160446167 -4.2490072250366 -4.5007605552673 -4.7633991241455 -5.0371403694153 -5.3348836898804 -5.7132897377014 -6.3260736465454 -7.4081916809082 -7.9566173553467 -8.0325374603271 -7.411759853363 -7.1148982048035 -7.0280995368958 -7.1568126678467 -7.4048743247986 -7.6933999061584 -7.969358921051 -8.2215738296509 -8.4738969802856 -8.7537240982056 -9.071328163147 -9.415168762207 -9.7589702606201 -10.077361106873 -10.354742050171 -10.585874557495 -10.775615692139 -10.934471130371 -11.074067115784 -999 -999 -999 -999 -999 -999 -999 -999 -999 -999 -999 -999 -999 -999 -999 -999 -999 -999 -999 -999 -999 -999 -999 -999 -999 -999 -999 -999 -999 -999 -999 -999
-3.6772916316986 -3.9001121520996 -4.1390509605408 -4.3930644989014 -4.6593647003174 -4.9355502128601 -5.2202920913696 -5.5191893577576 -5.8592095375061 -6.295859336853 -6.802752494812 -7.1456141471863 -7.2059502601624 -7.0261688232422 -6.9098310470581 -6.9866442680359 -7.1924262046814 -7.4547920227051 -7.7257227897644 -7.9828543663025 -8.2327814102173 -8.4987392425537 -8.7959690093994 -9.1217193603516 -9.4609718322754 -9.7929611206055 -10.100577354431 -10.373051643372 -10.606578826904 -10.804263114929 -10.973775863647 -999 -999 -999 -999 -999 -999 -999 -999 -999 -999 -999 -999 -999 -999 -999 -999 -999 -999 -999 -999 -999 -999 -999 -999 -999 -999 -999 -999 -999 -999 -999 -999 -999
-3.7603139877319 -4.0000252723694 -4.254695892334 -4.5228652954102 -4.8018498420715 -5.0891137123108 -5.3822250366211 -5.6806058883667 -5.9896001815796 -6.3141307830811 -6.6285500526428 -6.8674540519714 -6.9842090606689 -7.0110259056091 -7.0594167709351 -7.1997356414795 -7.4083676338196 -7.6380209922791 -7.8577189445496 -8.0634880065918 -8.2801265716553 -8.5384883880615 -8.8458032608032 -9.1834049224854 -9.5256624221802 -9.8527851104736 -10.152717590332 -10.418807983398 -10.649790763855 -10.849178314209 -999 -999 -999 -999 -999 -999 -999 -999 -999 -999 -999 -999 -999 -999 -999 -999 -999 -999 -999 -999 -999 -999 -999 -999 -999 -999 -999 -999 -999 -999 -999 -999 -999 -999
-3.8314349651337 -4.0888876914978 -4.359112739563 -4.640793800354 -4.9311532974243 -5.2278685569763 -5.5280523300171 -5.8283343315125 -6.126051902771 -6.4156279563904 -6.6826100349426 -6.9053764343262 -7.0712246894836 -7.198573589325 -7.3332676887512 -7.5064959526062 -7.7055158615112 -7.8993916511536 -8.0642261505127 -8.2040815353394 -8.3660726547241 -8.6060676574707 -8.9242286682129 -9.2762861251831 -9.6231498718262 -9.9455766677856 -10.235889434814 -10.491990089417 -10.715828895569 -999 -999 -999 -999 -999 -999 -999 -999 -999 -999 -999 -999 -999 -999 -999 -999 -999 -999 -999 -999 -999 -999 -999 -999 -999 -999 -999 -999 -999 -999 -999 -999 -999 -999 -999
-3.8942561149597 -4.1698203086853 -4.4556274414063 -4.7503395080566 -5.0515141487122 -5.3569922447205 -5.6638226509094 -5.9682588577271 -6.2663793563843 -6.552704334259 -6.8186283111572 -7.0563459396362 -7.2633767127991 -7.4502425193787 -7.637903213501 -7.8399696350098 -8.0460615158081 -8.2288656234741 -8.3607950210571 -8.4374704360962 -8.5259609222412 -8.7413034439087 -9.0691823959351 -9.4276514053345 -9.7696990966797 -10.079043388367 -10.353087425232 -10.593312263489 -999 -999 -999 -999 -999 -999 -999 -999 -999 -999 -999 -999 -999 -999 -999 -999 -999 -999 -999 -999 -999 -999 -999 -999 -999 -999 -999 -999 -999 -999 -999 -999 -999 -999 -999 -999
-3.9536564350128 -4.247531414032 -4.5485181808472 -4.8556127548218 -5.1668500900269 -5.480507850647 -5.7939605712891 -6.1038422584534 -6.4073128700256 -6.7003855705261 -6.9782633781433 -7.2381844520569 -7.4807848930359 -7.7118449211121 -7.9429130554199 -8.1803159713745 -8.416316986084 -8.6267156600952 -8.7773036956787 -8.8362770080566 -8.8485641479492 -9.03014087677 -9.3344993591309 -9.6644172668457 -9.977032661438 -10.257343292236 -10.504292488098 -999 -999 -999 -999 -999 -999 -999 -999 -999 -999 -999 -999 -999 -999 -999 -999 -999 -999 -999 -999 -999 -999 -999 -999 -999 -999 -999 -999 -999 -999 -999 -999 -999 -999 -999 -999 -999
-4.0173406600952 -4.3274097442627 -4.6417212486267 -4.9597029685974 -5.2799544334412 -5.6012048721313 -5.921094417572 -6.2370219230652 -6.5472917556763 -6.8498830795288 -7.1423888206482 -7.4244599342346 -7.6977009773254 -7.9652171134949 -8.2350444793701 -8.5119876861572 -8.7924966812134 -9.0621404647827 -9.2903108596802 -9.4227361679077 -9.4476194381714 -9.5325727462769 -9.7326364517212 -9.9851093292236 -10.239354133606 -10.473313331604 -10.68230342865 -999 -999 -999 -999 -999 -999 -999 -999 -999 -999 -999 -999 -999 -999 -999 -999 -999 -999 -999 -999 -999 -999 -999 -999 -999 -999 -999 -999 -999 -999 -999 -999 -999 -999 -999 -999 -999
