all/datos/01-EFM-Pronostico-de-Enero-2021-Lluvia/02_Febrero/GRDS/02_2021_Anom.grd
DSAA
390 228
-118.47924025641 -86.14575974359
14.037283991228 32.871016008772
-999 12.744939804077
[rows 87 to 115 of 228, columns 128 to 191 of 390]
-999 -999 -999 -999 -999 -999 -999 -999 -999 -999 -999 -999 -999 -999 -999 -999 -999 -999 -999 -999 -999 -999 -999 -999 -999 -999 -999 -999 -999 -999 -999 -999 -6.0859098434448 -5.7753806114197 -3.9070467948914 -2.4145674705505 -0.98012924194336 -0.097637847065926 0.12847961485386 -0.21678107976913 -0.92396599054337 -1.6497793197632 -2.1243679523468 -2.3250231742859 -2.3344388008118 -2.2397704124451 -2.1466677188873 -2.1584284305573 -2.2452785968781 -2.3404226303101 -2.4010407924652 -2.3984949588776 -2.2965252399445 -2.0659341812134 -1.7662491798401 -1.5523418188095 -1.4154459238052 -1.3861716985703 -1.418169260025 -1.4564554691315 -1.5074511766434 -1.5617557764053 -1.5804691314697 -1.5588039159775
-999 -999 -999 -999 -999 -999 -999 -999 -999 -999 -999 -999 -999 -999 -999 -999 -999 -999 -999 -999 -999 -999 -999 -999 -999 -999 -999 -999 -999 -999 -999 -999 -7.5882334709167 -6.4674978256226 -6.3664178848267 -5.2213182449341 -2.9432661533356 -1.7583382129669 -1.1538262367249 -1.0988957881927 -1.5772161483765 -2.1832885742188 -2.3701756000519 -2.3767781257629 -2.3185124397278 -2.1951467990875 -2.0873708724976 -2.1409683227539 -2.2691407203674 -2.4006934165955 -2.4972534179688 -2.5340294837952 -2.488921880722 -2.3195605278015 -2.0805435180664 -1.8733991384506 -1.7368488311768 -1.6791011095047 -1.6511433124542 -1.6149086952209 -1.5883449316025 -1.5976268053055 -1.6100088357925 -1.5894495248795
-999 -999 -999 -999 -999 -999 -999 -999 -999 -999 -999 -999 -999 -999 -999 -999 -999 -999 -999 -999 -999 -999 -999 -999 -999 -999 -999 -999 -999 -999 -999 -999 -7.3994626998901 -6.9288687705994 -7.2585763931274 -6.38987159729 -4.1389031410217 -2.8417973518372 -2.0823805332184 -1.8405933380127 -2.2339768409729 -3.326877117157 -2.7035744190216 -2.5037608146667 -2.3932721614838 -2.2800116539001 -2.2123062610626 -2.2584776878357 -2.3833403587341 -2.5264270305634 -2.6533296108246 -2.7416713237762 -2.7491009235382 -2.6389670372009 -2.4502103328705 -2.2703921794891 -2.1452631950378 -2.0638315677643 -1.9604111909866 -1.8224213123322 -1.6916782855988 -1.6221513748169 -1.605332493782 -1.5724396705627
-999 -999 -999 -999 -999 -999 -999 -999 -999 -999 -999 -999 -999 -999 -999 -999 -999 -6.1671094894409 -999 -999 -999 -999 -999 -999 -999 -999 -999 -999 -999 -999 -999 -999 -7.6100206375122 -6.96599817276 -6.6491465568542 -6.5237646102905 -4.5176453590393 -3.3039932250977 -2.6386413574219 -2.3781278133392 -2.5179409980774 -2.8009808063507 -2.752756357193 -2.6275534629822 -2.5288398265839 -2.4470188617706 -2.4117124080658 -2.452965259552 -2.5560443401337 -2.6849200725555 -2.8136446475983 -2.9217202663422 -2.9614295959473 -2.8916800022125 -2.7534334659576 -2.612701177597 -2.5041856765747 -2.4106044769287 -2.2654445171356 -2.0486109256744 -1.8188041448593 -1.6568970680237 -1.5859313011169 -1.5018681287766
-999 -999 -999 -999 -999 -999 -999 -999 -999 -999 -999 -999 -999 -999 -999 -999 -6.0515661239624 -999 -999 -999 -999 -999 -999 -999 -999 -999 -999 -999 -999 -999 -8.5596399307251 -8.3097677230835 -7.6902985572815 -6.8737034797668 -6.3168630599976 -6.2070779800415 -4.4867415428162 -3.4609570503235 -2.9259333610535 -2.6931147575378 -2.6769092082977 -2.7534475326538 -2.7807960510254 -2.7431774139404 -2.6797106266022 -2.6261749267578 -2.6124379634857 -2.6527180671692 -2.7347347736359 -2.8317546844482 -2.9216921329498 -2.9897699356079 -3.0119028091431 -2.977011680603 -2.911767244339 -2.8272581100464 -2.7522814273834 -2.6715648174286 -2.5325255393982 -2.3054044246674 -2.0490031242371 -1.8550617694855 -1.7280758619308 -1.5373811721802
-999 -999 -999 -999 -999 -999 -999 -999 -999 -999 -999 -999 -999 -999 -999 -5.7788891792297 -999 -999 -999 -999 -999 -999 -999 -999 -999 -999 -999 -999 -999 -8.8841180801392 -8.8303518295288 -8.3652038574219 -7.5448837280273 -6.5776929855347 -5.7923412322998 -5.0713739395142 -4.1864194869995 -3.4864413738251 -3.0813255310059 -2.8745193481445 -2.8028144836426 -2.8180665969849 -2.8526396751404 -2.844788312912 -2.8012292385101 -2.7690098285675 -2.7733569145203 -2.8187811374664 -2.8877699375153 -2.9476909637451 -2.9744112491608 -2.9677269458771 -2.9402875900269 -2.9169306755066 -2.9110910892487 -2.9075770378113 -2.9020283222198 -2.8790309429169 -2.7979454994202 -2.6351063251495 -2.5315856933594 -2.5993821620941 -2.5225596427917 -2.1357123851776
-999 -999 -999 -999 -999 -999 -999 -999 -999 -999 -999 -999 -999 -999 -999 -999 -999 -999 -999 -999 -999 -999 -999 -999 -999 -999 -999 -999 -999 -8.8361282348633 -8.8116874694824 -999 -7.5262379646301 -6.0103602409363 -5.1152238845825 -4.4606428146362 -3.9075877666473 -3.5008742809296 -3.2309427261353 -3.0143659114838 -2.8786959648132 -2.8461787700653 -2.865823507309 -2.8720116615295 -2.8546607494354 -2.847553730011 -2.8725135326385 -2.9302361011505 -2.998603105545 -3.0314543247223 -2.9937934875488 -2.909512758255 -2.8204205036163 -2.7845923900604 -2.8327150344849 -2.9175615310669 -3.0064041614532 -3.0907077789307 -3.1160345077515 -3.0112655162811 -3.1740980148315 -4.2771887779236 -4.4774165153503 -3.8798971176147
-999 -999 -999 -999 -999 -999 -999 -999 -999 -999 -999 -999 -999 -999 -999 -999 -999 -999 -999 -999 -999 -999 -999 -999 -999 -999 -999 -999 -9.0492267608643 -8.7206506729126 -8.4187622070313 -8.0058107376099 -6.1954674720764 -999 -4.5420303344727 -4.1292953491211 -3.8539369106293 -3.741868019104 -3.6540465354919 -3.2428588867188 -2.9167757034302 -2.8081881999969 -2.8072276115417 -2.8241684436798 -2.8348939418793 -2.8549122810364 -2.899827003479 -2.969527721405 -3.0421488285065 -3.0676112174988 -2.9864993095398 -2.8608076572418 -2.7397320270538 -2.6930568218231 -2.7755191326141 -2.9292330741882 -3.1149282455444 -3.3385236263275 -3.6720781326294 -3.3467597961426 -3.4573321342468 -4.6661734580994 -5.0899114608765 -4.5892252922058
-999 -999 -999 -999 -999 -999 -999 -999 -999 -999 -999 -999 -999 -999 -999 -999 -999 -999 -999 -999 -999 -999 -999 -999 -999 -999 -999 -999 -9.639048576355 -8.8240613937378 -7.9873046875 -6.3525056838989 -5.3339524269104 -4.710394859314 -4.5697078704834 -4.5408573150635 -4.522885799408 -4.6271739006042 -5.0837874412537 -3.6267695426941 -2.941205739975 -2.7355375289917 -2.7127180099487 -2.733717918396 -2.7625975608826 -2.8022792339325 -2.8602137565613 -2.9325954914093 -2.9968016147614 -3.0097711086273 -2.9448935985565 -2.8412482738495 -2.7539436817169 -2.7397074699402 -2.8272700309753 -3.0161066055298 -3.2479891777039 -3.4939298629761 -3.8472635746002 -3.6208329200745 -3.2363278865814 -3.5829994678497 -4.4691796302795 -3.7142155170441
-999 -999 -999 -999 -999 -999 -999 -999 -999 -999 -999 -999 -999 -999 -999 -999 -999 -999 -999 -999 -999 -999 -999 -999 -999 -999 -999 -10.250497817993 -9.9827346801758 -9.3622426986694 -8.2594213485718 -6.2395992279053 -6.0236668586731 -5.1817374229431 -6.0832591056824 -6.439049243927 -6.5568861961365 -6.5137753486633 -5.9268202781677 -3.9580495357513 -3.0016374588013 -2.6796646118164 -2.6137979030609 -2.6245360374451 -2.6574420928955 -2.7066690921783 -2.7714552879333 -2.8431293964386 -2.9010009765625 -2.9182047843933 -2.8874201774597 -2.8382921218872 -2.8197495937347 -2.8750591278076 -3.0201690196991 -3.2316346168518 -3.4228646755219 -3.5188219547272 -3.454434633255 -3.1631805896759 -2.8757290840149 -2.888477563858 -3.0725378990173 -3.1471602916718
-999 -999 -999 -999 -999 -999 -999 -999 -999 -999 -999 -999 -999 -999 -999 -999 -999 -999 -999 -999 -999 -999 -999 -999 -999 -999 -999 -10.437864303589 -10.142305374146 -9.4984712600708 -8.2577238082886 -7.1393365859985 -6.455897808075 -6.3353295326233 -6.8452920913696 -7.2938747406006 -7.4473996162415 -7.2811298370361 -6.4781608581543 -4.4139175415039 -3.1985476016998 -2.6726448535919 -2.5203108787537 -2.5020711421967 -2.5298051834106 -2.5826210975647 -2.6540212631226 -2.7310922145844 -2.7951643466949 -2.8282096385956 -2.8298892974854 -2.8309495449066 -2.8812077045441 -3.0200963020325 -3.2484221458435 -3.5020866394043 -3.6495943069458 -3.6265604496002 -3.4307453632355 -3.1120047569275 -2.8283250331879 -2.7368123531342 -2.7852568626404 -2.8684165477753
-999 -999 -999 -999 -999 -999 -999 -999 -999 -999 -999 -999 -999 -999 -999 -999 -999 -999 -999 -999 -999 -999 -999 -999 -999 -999 -999 -10.554967880249 -10.151100158691 -9.368727684021 -8.2123241424561 -7.1135692596436 -5.8618698120117 -5.7756319046021 -6.8291578292847 -7.5101661682129 -7.7591271400452 -7.5998864173889 -6.9531297683716 -5.6145515441895 -3.5448467731476 -2.6908025741577 -2.4188895225525 -2.3616712093353 -2.3815131187439 -2.4390375614166 -2.521537065506 -2.6144597530365 -2.6985592842102 -2.7543716430664 -2.7786450386047 -2.8062391281128 -2.9004998207092 -3.1052618026733 -3.4041736125946 -3.7070364952087 -3.8700575828552 -3.8317766189575 -3.6483385562897 -3.3802025318146 -3.1190433502197 -2.9465701580048 -2.8533756732941 -2.772224187851
-999 -999 -999 -999 -999 -999 -999 -999 -999 -999 -999 -999 -999 -999 -999 -999 -999 -999 -999 -999 -999 -999 -999 -999 -999 -999 -999 -10.673717498779 -10.131189346313 -8.6583585739136 -7.9592452049255 -6.3873767852783 -5.7875752449036 -5.6350131034851 -6.1785097122192 -7.5322670936584 -7.9309387207031 -7.7879323959351 -7.2224912643433 -5.9795479774475 -3.7242169380188 -2.6542677879333 -2.2875418663025 -2.1998348236084 -2.2150864601135 -2.280086517334 -2.37908411026 -2.4979681968689 -2.6159267425537 -2.7042887210846 -2.7448902130127 -2.772834777832 -2.8795204162598 -3.1193385124207 -3.4624383449554 -3.7988183498383 -4.0013461112976 -4.0273952484131 -3.9315931797028 -3.7599205970764 -3.5269706249237 -3.2587418556213 -2.9903481006622 -2.6961472034454
-999 -999 -999 -999 -999 -999 -999 -999 -999 -999 -999 -999 -999 -999 -999 -999 -999 -999 -999 -999 -999 -999 -999 -999 -999 -999 -999 -10.826910018921 -10.324636459351 -9.2683563232422 -7.6363196372986 -6.7637491226196 -6.2299385070801 -5.952299118042 -6.2565469741821 -7.6167216300964 -8.0152950286865 -7.8597598075867 -7.2740564346313 -5.9921813011169 -3.6671736240387 -2.5373094081879 -2.1374142169952 -2.0330412387848 -2.0428152084351 -2.1122188568115 -2.2268602848053 -2.3752479553223 -2.5365769863129 -2.6725888252258 -2.738867521286 -2.7643392086029 -2.870130777359 -3.1135573387146 -3.4695723056793 -3.8181278705597 -4.0519752502441 -4.1424107551575 -4.1414422988892 -4.070858001709 -3.8778932094574 -3.5425374507904 -3.1494030952454 -2.715950012207
-999 -999 -999 -999 -999 -999 -999 -999 -999 -999 -999 -999 -999 -999 -999 -999 -999 -999 -999 -999 -999 -999 -999 -999 -999 -999 -11.063453674316 -10.993394851685 -10.544368743896 -9.0336656570435 -7.9369668960571 -7.2637600898743 -6.7942690849304 -6.3874697685242 -6.3989591598511 -7.3944463729858 -7.6448998451233 -7.5959768295288 -7.0019960403442 -5.639621257782 -3.4611783027649 -2.4358444213867 -2.0308096408844 -1.8969557285309 -1.8866119384766 -1.9460672140121 -2.064620256424 -2.2339398860931 -2.4321296215057 -2.6178638935089 -2.7261273860931 -2.7791016101837 -2.9032213687897 -3.144632101059 -3.4648010730743 -3.7777273654938 -4.0085382461548 -4.136323928833 -4.1920094490051 -4.1882724761963 -4.0613451004028 -3.7534630298615 -3.3081970214844 -2.7955243587494
-999 -999 -999 -999 -999 -999 -999 -999 -999 -999 -999 -999 -999 -999 -999 -999 -999 -999 -999 -999 -999 -999 -999 -999 -999 -999 -11.129299163818 -11.140944480896 -10.941737174988 -10.226885795593 -8.6664590835571 -7.7450284957886 -7.1206521987915 -6.5924797058105 -6.2721614837646 -6.2039880752563 -6.098669052124 -6.7263336181641 -6.1740770339966 -4.3858361244202 -3.1557128429413 -2.40758061409 -2.0107955932617 -1.8280032873154 -1.7736939191818 -1.7979604005814 -1.8984037637711 -2.070858001709 -2.2845921516418 -2.4915022850037 -2.6425178050995 -2.7572269439697 -2.923139333725 -3.169148683548 -3.4466698169708 -3.6995944976807 -3.8893446922302 -4.0047073364258 -4.0694999694824 -4.1123185157776 -4.0919876098633 -3.8823628425598 -3.444561958313 -2.904928445816
-999 -999 -999 -999 -999 -999 -999 -999 -999 -999 -999 -999 -999 -999 -999 -999 -999 -999 -999 -999 -999 -999 -999 -999 -999 -11.086079597473 -999 -11.165292739868 -11.135263442993 -10.796882629395 -9.8730630874634 -8.1856365203857 -7.220892906189 -6.4598274230957 -5.9930863380432 -5.6347131729126 -5.363471031189 -5.1753873825073 -4.6670594215393 -3.8180136680603 -3.051117181778 -2.4912197589874 -2.1006665229797 -1.8562114238739 -1.7291778326035 -1.6900082826614 -1.7482942342758 -1.9051011800766 -2.1186587810516 -2.3420178890228 -2.5378034114838 -2.7148993015289 -2.9250245094299 -3.1750302314758 -3.4088573455811 -3.5959579944611 -3.722846031189 -3.7844214439392 -3.8119277954102 -3.9121587276459 -4.0101819038391 -3.9160647392273 -3.5492980480194 -3.0507431030273
-999 -999 -999 -999 -999 -999 -999 -999 -999 -999 -999 -999 -999 -999 -999 -999 -999 -999 -999 -999 -999 -999 -999 -999 -999 -11.058448791504 -11.028948783875 -11.029486656189 -11.021011352539 -10.838410377502 -10.169797897339 -8.4949312210083 -7.1512932777405 -6.4711275100708 -6.0644726753235 -5.689398765564 -5.2944884300232 -4.8682117462158 -4.3524122238159 -3.7566969394684 -3.1766188144684 -2.6729757785797 -2.2622661590576 -1.9553098678589 -1.7511986494064 -1.6441513299942 -1.6468590497971 -1.7648079395294 -1.9666550159454 -2.2055478096008 -2.4444854259491 -2.6744995117188 -2.9117028713226 -3.1477570533752 -3.3432862758636 -3.4822368621826 -3.5623981952667 -3.584148645401 -3.592570066452 -3.7546746730804 -3.9167547225952 -3.9060051441193 -3.6739246845245 -3.3001224994659
-999 -999 -999 -999 -999 -999 -999 -999 -999 -999 -999 -999 -999 -999 -999 -999 -999 -999 -999 -999 -999 -999 -999 -999 -11.120301246643 -11.011629104614 -10.873682022095 -10.794787406921 -10.767700195313 -10.653395652771 -10.214437484741 -9.2075071334839 -7.3541178703308 -6.675669670105 -6.3586678504944 -6.0220260620117 -5.5989928245544 -5.1051230430603 -4.5588316917419 -3.984206199646 -3.4174265861511 -2.8935856819153 -2.4388921260834 -2.0732581615448 -1.8072216510773 -1.6447608470917 -1.5933632850647 -1.661088347435 -1.8426334857941 -2.0829257965088 -2.3445262908936 -2.6091504096985 -2.8575332164764 -3.0771315097809 -3.2540209293365 -3.3778667449951 -3.4555563926697 -3.5102033615112 -3.600982427597 -3.774445772171 -3.9397757053375 -3.9934396743774 -3.9038627147675 -3.7086095809937
-999 -999 -999 -999 -999 -999 -999 -999 -999 -999 -999 -999 -999 -999 -999 -999 -999 -999 -999 -999 -999 -999 -11.003202438354 -11.215579032898 -11.203389167786 -10.960022926331 -10.655571937561 -10.477454185486 -10.447860717773 -10.39178276062 -10.025581359863 -9.1355094909668 -7.5117707252502 -7.0166811943054 -6.7772116661072 -6.4673175811768 -6.0357975959778 -5.5080933570862 -4.9191660881042 -4.3010497093201 -3.6858794689178 -3.1075549125671 -2.595737695694 -2.1742610931396 -1.8587961196899 -1.6558969020844 -1.5691441297531 -1.6026884317398 -1.7498339414597 -1.9685369729996 -2.224616765976 -2.4958338737488 -2.7528429031372 -2.9769883155823 -3.1590301990509 -3.2943553924561 -3.3988251686096 -3.509537935257 -3.6724543571472 -3.8818011283875 -4.0657863616943 -4.1942086219788 -4.2591152191162 -4.2341318130493
-999 -999 -999 -999 -999 -999 -999 -999 -999 -999 -999 -999 -999 -999 -999 -999 -999 -999 -999 -999 -999 -999 -11.043984413147 -11.334961891174 -11.318814277649 -10.880757331848 -10.299026489258 -9.9314184188843 -9.8991718292236 -9.9286136627197 -9.6136074066162 -8.2601127624512 -7.6314382553101 -7.4209227561951 -7.2601385116577 -6.9660177230835 -6.5214667320251 -5.9577198028564 -5.3145213127136 -4.6298170089722 -3.9417004585266 -3.2903234958649 -2.7114639282227 -2.2337200641632 -1.8763267993927 -1.6463749408722 -1.5425993204117 -1.5573114156723 -1.6718119382858 -1.8560948371887 -2.0873878002167 -2.350341796875 -2.6180875301361 -2.8626198768616 -3.0684022903442 -3.2328629493713 -3.3726680278778 -3.5263831615448 -3.7449653148651 -3.9963564872742 -4.2266755104065 -4.4361562728882 -4.7291355133057 -4.8016648292542
-999 -999 -999 -999 -999 -999 -999 -999 -999 -999 -999 -999 -999 -999 -999 -999 -999 -999 -999 -999 -999 -10.522402763367 -10.978971481323 -11.337784767151 -11.368611335754 -10.709677696228 -9.766619682312 -8.9121427536011 -8.8512420654297 -8.9518938064575 -8.8709669113159 -8.4926738739014 -8.0582475662231 -7.9469451904297 -7.8140902519226 -7.5172324180603 -7.0477061271667 -6.4359421730042 -5.7229099273682 -4.9522676467896 -4.1710028648376 -3.4290254116058 -2.7704734802246 -2.2312552928925 -1.8350483179092 -1.5881260633469 -1.4817495346069 -1.4944077730179 -1.5936623811722 -1.7485476732254 -1.9496784210205 -2.2042589187622 -2.4856700897217 -2.7549991607666 -2.9910635948181 -3.1911022663116 -3.3706991672516 -3.5660502910614 -3.8149857521057 -4.0945777893066 -4.3625388145447 -4.58971118927 -4.8592357635498 -4.9278988838196
-999 -999 -999 -999 -999 -999 -999 -999 -999 -999 -999 -999 -999 -999 -999 -999 -999 -999 -999 -9.4330339431763 -9.8474254608154 -10.32061958313 -10.79949760437 -11.140740394592 -11.099711418152 -10.456309318542 -9.1714792251587 -8.6792078018188 -8.7100591659546 -8.8963174819946 -9.0047407150269 -8.946008682251 -8.7253398895264 -8.6265115737915 -8.4658718109131 -8.1381731033325 -7.6264572143555 -6.9498767852783 -6.1466174125671 -5.2663316726685 -4.3673691749573 -3.5125920772552 -2.7575759887695 -2.1479127407074 -1.7136558294296 -1.4601728916168 -1.3700454235077 -1.4062286615372 -1.5190931558609 -1.6654454469681 -1.8397870063782 -2.0893652439117 -2.3793482780457 -2.6658115386963 -2.9263134002686 -3.1556661128998 -3.3672847747803 -3.5928862094879 -3.8542408943176 -4.1281704902649 -4.4181599617004 -4.6195287704468 -4.747633934021 -4.7717976570129
-999 -999 -999 -999 -999 -999 -999 -999 -999 -999 -999 -999 -999 -999 -999 -999 -999 -999 -8.7876825332642 -9.1182022094727 -9.5469102859497 -10.080048561096 -10.608725547791 -10.918940544128 -10.79208946228 -10.162586212158 -9.2178211212158 -8.9972801208496 -9.1460762023926 -9.3780612945557 -9.5375471115112 -9.5668773651123 -9.4945774078369 -9.3897562026978 -9.1958961486816 -8.8289031982422 -8.2643356323242 -7.5064253807068 -6.5885362625122 -5.569432258606 -4.523624420166 -3.530816078186 -2.6605851650238 -1.9701406955719 -1.4982033967972 -1.2506093978882 -1.198925614357 -1.2880226373672 -1.4500266313553 -1.6224865913391 -1.7991091012955 -2.0288968086243 -2.3041734695435 -2.5886557102203 -2.8578948974609 -3.0992143154144 -3.3220036029816 -3.5538387298584 -3.8293259143829 -4.0284171104431 -4.2180800437927 -4.3851175308228 -4.4695801734924 -4.4661183357239
-999 -999 -999 -999 -999 -999 -999 -999 -999 -999 -999 -999 -999 -999 -999 -999 -999 -8.2421216964722 -8.3850812911987 -8.7092695236206 -9.1826314926147 -9.8609113693237 -10.489952087402 -10.760862350464 -10.25448513031 -9.6976718902588 -9.5896825790405 -9.6295003890991 -9.8804197311401 -10.096546173096 -10.216376304626 -10.217471122742 -10.157117843628 -10.130551338196 -9.9437866210938 -9.5605392456055 -8.9513158798218 -8.1023731231689 -7.0442585945129 -5.8544125556946 -4.6325631141663 -3.4797439575195 -2.4805505275726 -1.7024586200714 -1.1943281888962 -0.96474379301071 -0.96944135427475 -1.1288186311722 -1.3588124513626 -1.5781863927841 -1.7686253786087 -1.9856272935867 -2.2358074188232 -2.5001976490021 -2.7589254379272 -2.9896149635315 -3.1999316215515 -3.4065718650818 -3.6146686077118 -3.753582239151 -3.8864243030548 -4.0141286849976 -4.0859875679016 -4.1029167175293
-999 -999 -999 -999 -999 -999 -999 -999 -999 -999 -999 -999 -999 -999 -999 -999 -999 -7.9607582092285 -7.9587135314941 -8.4192676544189 -8.7530059814453 -9.7470645904541 -10.467569351196 -10.651393890381 -10.628370285034 -10.050716400146 -9.9990634918213 -10.510610580444 -10.850507736206 -10.939933776855 -10.942028999329 -10.819640159607 -10.694922447205 -10.727166175842 -10.609848976135 -10.268649101257 -9.6463718414307 -8.7069063186646 -7.4858636856079 -6.1002979278564 -4.6867175102234 -3.3700139522552 -2.2498276233673 -1.3929891586304 -0.85395711660385 -0.64665812253952 -0.71062684059143 -0.93318724632263 -1.2114262580872 -1.4705139398575 -1.6952027082443 -1.9159355163574 -2.1430931091309 -2.3763694763184 -2.607518196106 -2.8180587291718 -3.0021269321442 -3.1650540828705 -3.3003923892975 -3.395613193512 -3.4988281726837 -3.6073837280273 -3.694652557373 -3.7718422412872
-999 -999 -999 -999 -999 -999 -999 -999 -999 -999 -999 -999 -999 -999 -999 -999 -8.8886804580688 -8.4636163711548 -8.4629621505737 -8.7383050918579 -9.1619968414307 -9.7866792678833 -10.380887031555 -10.937679290771 -11.159278869629 -11.047820091248 -10.591997146606 -10.971222877502 -11.533475875854 -11.970148086548 -11.634616851807 -11.304268836975 -11.046987533569 -10.950342178345 -11.080842018127 -10.838911056519 -10.242204666138 -9.2213106155396 -7.831045627594 -6.2581477165222 -4.6798787117004 -3.2353749275208 -2.0436491966248 -1.1554179191589 -0.60097670555115 -0.39110064506531 -0.4886083304882 -0.74643838405609 -1.0500016212463 -1.3290553092957 -1.5737701654434 -1.7988021373749 -2.0038161277771 -2.2088749408722 -2.4178066253662 -2.6062450408936 -2.7564911842346 -2.8732855319977 -2.9619915485382 -3.0200119018555 -3.1238529682159 -3.2362689971924 -3.3383069038391 -3.4472908973694
-999 -999 -999 -999 -999 -999 -999 -999 -999 -999 -999 -999 -999 -999 -999 -9.2087554931641 -9.4847221374512 -9.6049585342407 -9.831600189209 -10.144921302795 -10.203756332397 -10.432185173035 -10.065710067749 -10.866262435913 -10.565922737122 -10.853321075439 -11.338808059692 -11.912818908691 -12.751494407654 -12.833910942078 -12.19264793396 -11.621416091919 -11.219721794128 -11.078570365906 -11.298888206482 -11.095688819885 -10.514928817749 -9.4218368530273 -7.9156503677368 -6.2400889396667 -4.60005235672 -3.1271748542786 -1.9439859390259 -1.0859035253525 -0.53258591890335 -0.2979873418808 -0.36273035407066 -0.61333060264587 -0.91699755191803 -1.190927863121 -1.4234236478806 -1.6267676353455 -1.8072239160538 -2.0010015964508 -2.2035281658173 -2.3787155151367 -2.4929809570313 -2.5679013729095 -2.6308407783508 -2.6821503639221 -2.8381521701813 -2.9568600654602 -3.0374040603638 -3.1047697067261
-999 -999 -999 -999 -999 -999 -999 -999 -999 -999 -999 -999 -999 -999 -8.703272819519 -9.5325717926025 -10.022294044495 -10.420156478882 -10.881551742554 -11.342307090759 -11.476943016052 -11.671606063843 -10.282113075256 -10.158041000366 -10.592275619507 -11.516989707947 -12.994191169739 -13.492012023926 -13.639889717102 -13.389862060547 -12.681659698486 -11.69399356842 -11.16667175293 -10.975364685059 -11.172198295593 -10.870935440063 -10.155678749084 -9.0229225158691 -7.5555367469788 -5.9555177688599 -4.4122881889343 -3.0500664710999 -1.9542943239212 -1.1452797651291 -0.6037425994873 -0.33346396684647 -0.34586974978447 -0.56473976373672 -0.84545940160751 -1.1000303030014 -1.2978699207306 -1.4507179260254 -1.6077288389206 -1.7910217046738 -1.9856308698654 -2.153636932373 -2.2296204566956 -2.2699582576752 -2.3284788131714 -2.424959897995 -2.5534815788269 -2.6622235774994 -2.7204144001007 -2.7463705539703
