all/datos/01-EFM-Pronostico-de-Enero-2021-Lluvia/02_Febrero/GRDS/02_2021_Anom.grd
DSAA
390 228
-118.47924025641 -86.14575974359
14.037283991228 32.871016008772
-999 12.744939804077
[rows 145 to 173 of 228, columns 64 to 127 of 390]
-999 -999 -999 -999 -999 -999 -999 -999 -999 -999 -999 -999 -4.1516599655151 -4.1299772262573 -4.1687817573547 -4.2726149559021 -4.356614112854 -4.267692565918 -4.0051417350769 -3.6231067180634 -3.1358242034912 -2.602840423584 -2.1801702976227 -999 -999 -999 -999 -999 -999 -999 -999 -999 -999 -999 -999 -999 -999 -999 -999 -999 -999 -999 -999 -999 -999 -999 -5.0185546875 -4.8775172233582 -4.5676240921021 -4.123863697052 -3.6405990123749 -3.2489266395569 -3.049010515213 -3.0738394260406 -3.3005690574646 -3.7086594104767 -4.2810072898865 -4.8698296546936 -5.2401256561279 -5.6923837661743 -6.2670936584473 -6.7426595687866 -7.2391061782837 -7.375795841217
-999 -999 -999 -999 -999 -999 -999 -999 -999 -999 -999 -4.3491625785828 -4.3015899658203 -4.1785764694214 -4.1291875839233 -4.1487483978271 -4.1310377120972 -3.9786012172699 -3.6820454597473 -3.2898094654083 -2.8490123748779 -2.4337606430054 -999 -999 -999 -999 -999 -999 -999 -999 -999 -999 -999 -999 -999 -999 -999 -999 -999 -999 -999 -999 -999 -999 -999 -999 -999 -4.9836001396179 -4.7429852485657 -4.4095144271851 -4.0534806251526 -3.7558615207672 -3.5454523563385 -3.4899387359619 -3.656200170517 -4.0173678398132 -4.5024223327637 -5.0201244354248 -5.5092425346375 -6.0021185874939 -6.4991917610168 -6.9605321884155 -7.3566851615906 -7.619909286499
-999 -999 -999 -999 -999 -999 -999 -999 -4.2161622047424 -999 -4.4672322273254 -4.5588340759277 -4.522885799408 -4.3280148506165 -4.1223769187927 -3.9766774177551 -3.8280601501465 -3.6073558330536 -3.3001835346222 -2.9373950958252 -2.569299697876 -2.2647361755371 -999 -999 -999 -999 -999 -999 -999 -999 -999 -999 -999 -999 -999 -999 -999 -999 -999 -999 -999 -999 -999 -999 -999 -999 -999 -999 -5.0075497627258 -4.7923746109009 -4.5651984214783 -4.3570146560669 -4.1067261695862 -3.9453938007355 -4.0654125213623 -4.4197688102722 -4.9162082672119 -5.468957901001 -6.0173559188843 -6.5396857261658 -7.0254778862 -7.4640789031982 -7.8357844352722 -8.1026287078857
-999 -999 -999 -999 -999 -999 -999 -4.2813296318054 -4.3126101493835 -4.436457157135 -4.593563079834 -4.7159991264343 -4.7145395278931 -4.4485678672791 -4.0919671058655 -3.7828023433685 -3.5106763839722 -3.2248687744141 -2.9084644317627 -2.5834045410156 -2.295841217041 -2.0937893390656 -999 -999 -999 -999 -999 -999 -999 -999 -999 -999 -999 -999 -999 -999 -999 -999 -999 -999 -999 -999 -999 -999 -999 -999 -999 -999 -5.3360171318054 -5.2533164024353 -5.153929233551 -5.0060772895813 -4.6999192237854 -4.4777150154114 -4.5326428413391 -4.8671779632568 -5.4037017822266 -6.0161442756653 -6.6125030517578 -7.1510262489319 -7.6215291023254 -8.0268383026123 -8.3595790863037 -8.5953722000122
-999 -999 -999 -999 -999 -4.4953637123108 -4.4896740913391 -4.461371421814 -4.4767732620239 -4.5483131408691 -4.633939743042 -4.687979221344 -4.6205449104309 -4.3308463096619 -3.9219527244568 -3.5276184082031 -3.177964925766 -2.8501074314117 -2.5312662124634 -2.2419612407684 -2.0315337181091 -999 -999 -999 -999 -999 -999 -999 -999 -999 -999 -999 -999 -999 -999 -999 -999 -999 -999 -999 -999 -999 -999 -999 -999 -999 -999 -999 -5.6404461860657 -5.6597995758057 -5.6449704170227 -5.4644379615784 -5.1858386993408 -4.9845957756042 -5.0296764373779 -5.3558287620544 -5.9420623779297 -6.6129369735718 -7.2472453117371 -7.7820205688477 -8.21107006073 -8.5583219528198 -8.8337574005127 -9.0295743942261
-999 -999 -999 -999 -4.6258153915405 -4.7231764793396 -4.7232842445374 -4.6860704421997 -4.6651754379272 -4.6044173240662 -4.5431108474731 -4.4686951637268 -4.3045492172241 -3.9975237846375 -3.5957937240601 -3.1883823871613 -2.8195621967316 -2.4883961677551 -2.1881349086761 -1.9406024217606 -1.8046780824661 -999 -999 -999 -999 -999 -999 -999 -999 -999 -999 -999 -999 -999 -999 -999 -999 -999 -999 -999 -999 -999 -999 -999 -999 -999 -999 -999 -5.841977596283 -5.8810725212097 -5.8635673522949 -5.7222776412964 -5.5220561027527 -5.3993816375732 -5.500928401947 -5.8838429450989 -6.5150170326233 -7.2381329536438 -7.9047899246216 -8.4146251678467 -8.7663726806641 -9.0176239013672 -9.209774017334 -9.3505601882935
-999 -999 -4.340151309967 -4.5837988853455 -4.7960124015808 -4.9385347366333 -4.9501309394836 -4.8448114395142 -4.6902847290039 -4.4864187240601 -4.3020300865173 -4.1280627250671 -3.8935089111328 -3.5659244060516 -3.1759061813354 -2.7867686748505 -2.4433076381683 -999 -999 -1.7283905744553 -999 -999 -999 -999 -999 -999 -999 -999 -999 -999 -999 -999 -999 -999 -999 -999 -999 -999 -999 -999 -999 -999 -999 -999 -999 -999 -999 -5.9096240997314 -5.9357681274414 -5.9505829811096 -5.924328327179 -5.8399724960327 -5.7463979721069 -5.7414331436157 -5.9323043823242 -6.3737573623657 -7.0464906692505 -7.8242545127869 -8.5266056060791 -8.9893531799316 -9.2252111434937 -9.3497543334961 -9.4310569763184 -9.4805345535278
-999 -999 -4.3943862915039 -4.6607422828674 -4.898964881897 -5.0650038719177 -5.0846996307373 -4.9146308898926 -4.5937614440918 -4.2275919914246 -3.9599268436432 -3.7403156757355 -3.464923620224 -3.1173429489136 -2.7309639453888 -2.366555929184 -2.0756189823151 -999 -1.6988830566406 -1.6080276966095 -999 -999 -999 -999 -999 -999 -999 -999 -999 -999 -999 -999 -999 -999 -999 -999 -999 -999 -999 -999 -999 -999 -999 -999 -999 -999 -5.966465473175 -5.9655947685242 -5.9565029144287 -5.939911365509 -5.9110817909241 -5.877592086792 -5.8792686462402 -5.9809951782227 -6.2518038749695 -6.7336049079895 -7.418212890625 -8.2221422195435 -8.9620971679688 -9.3598537445068 -9.4754705429077 -9.4880018234253 -9.4566631317139 -9.376392364502
-999 -4.1234545707703 -4.4046425819397 -4.680100440979 -4.9345717430115 -5.1285634040833 -5.1802654266357 -4.9913172721863 -4.5496282577515 -4.0086445808411 -3.6653723716736 -3.3984608650208 -3.0776131153107 -2.7053995132446 -2.3206779956818 -1.9836186170578 -999 -1.631624341011 -1.5615537166595 -999 -999 -999 -999 -999 -999 -999 -999 -999 -999 -999 -999 -999 -999 -999 -999 -999 -999 -999 -999 -999 -999 -5.7127375602722 -5.8530602455139 -5.9753131866455 -999 -6.0553450584412 -6.0273222923279 -5.9815521240234 -5.9294309616089 -5.8828840255737 -5.8519802093506 -5.8548731803894 -5.9237461090088 -6.0975923538208 -6.4132504463196 -6.8914179801941 -7.524450302124 -8.2555255889893 -8.9391651153564 -9.306866645813 -9.4089727401733 -9.3958311080933 -9.2978525161743 -9.0895156860352
-999 -4.1009998321533 -4.3737831115723 -4.6471247673035 -4.9149012565613 -5.1465945243835 -5.2635593414307 -5.1240744590759 -4.6641917228699 -4.0857892036438 -3.593469619751 -3.1719841957092 -2.7645711898804 -2.3643674850464 -1.9980351924896 -1.717909693718 -999 -1.4954769611359 -999 -999 -999 -999 -999 -999 -999 -999 -999 -999 -999 -999 -999 -999 -999 -999 -999 -999 -999 -999 -999 -999 -999 -5.8261299133301 -5.9703803062439 -6.1000876426697 -6.1708416938782 -6.1568622589111 -6.0756378173828 -5.9656887054443 -5.863676071167 -5.7922554016113 -5.7572531700134 -5.778736114502 -5.8870964050293 -6.1031260490417 -6.4313311576843 -6.8656058311462 -7.3868622779846 -7.9486775398254 -8.4713592529297 -8.8600254058838 -9.0591850280762 -9.1085014343262 -9.0089559555054 -8.709418296814
-999 -4.0603322982788 -4.3103885650635 -4.5683636665344 -4.8349137306213 -5.0823636054993 -5.2346324920654 -5.1532669067383 -4.7424750328064 -4.2001247406006 -3.5826830863953 -2.9903390407562 -2.4986817836761 -2.0971443653107 -1.7800550460815 -999 -999 -999 -999 -999 -999 -999 -999 -999 -999 -999 -999 -999 -999 -999 -999 -999 -999 -999 -999 -999 -999 -999 -999 -999 -5.7692828178406 -5.8964872360229 -6.0256600379944 -6.1651854515076 -6.2767305374146 -6.2591013908386 -6.118456363678 -5.9262166023254 -5.7705125808716 -5.6836094856262 -5.6433930397034 -5.6633005142212 -5.7957625389099 -6.0405950546265 -6.3660125732422 -6.7441430091858 -7.1492524147034 -7.5530672073364 -7.9411778450012 -8.3251752853394 -8.5907506942749 -8.7048263549805 -8.6342134475708 -8.284743309021
-3.7906875610352 -4.0174794197083 -4.233154296875 -4.4548006057739 -4.6941237449646 -4.9172506332397 -5.0360050201416 -4.9376254081726 -4.5760021209717 -4.0295162200928 -3.3667466640472 -2.7183706760406 -2.2230837345123 -1.8781584501266 -1.6399509906769 -999 -999 -999 -999 -999 -999 -999 -999 -999 -999 -999 -999 -999 -999 -999 -999 -999 -999 -999 -999 -999 -999 -999 -999 -5.7218794822693 -5.8286037445068 -5.9065766334534 -5.9857058525085 -6.1206555366516 -6.310094833374 -6.3205523490906 -6.1268463134766 -5.8641600608826 -5.6630363464355 -5.5731539726257 -5.5384030342102 -5.5400748252869 -5.6994457244873 -5.9715309143066 -6.2937250137329 -6.6263790130615 -6.9494457244873 -7.2590961456299 -7.5781555175781 -7.8931183815002 -8.1334829330444 -8.2426996231079 -8.1627836227417 -7.8029656410217
-3.791229724884 -3.9979848861694 -4.1763272285461 -4.3466358184814 -4.5429739952087 -4.7244248390198 -4.7876515388489 -4.6440057754517 -4.2604150772095 -3.6781706809998 -2.9917256832123 -2.3577399253845 -1.9359303712845 -1.6912525892258 -1.5404450893402 -999 -999 -999 -999 -999 -999 -999 -999 -999 -999 -999 -999 -999 -999 -999 -999 -999 -999 -999 -999 -999 -999 -999 -5.6758260726929 -5.7914290428162 -5.8620634078979 -5.8890533447266 -5.9158334732056 -6.0003223419189 -6.1515216827393 -6.2132434844971 -6.0389246940613 -5.7632551193237 -5.5407576560974 -5.4426927566528 -5.4425272941589 -5.4702191352844 -5.6612005233765 -5.9617738723755 -6.2847352027893 -6.5828447341919 -6.8502039909363 -7.102596282959 -7.3539280891418 -7.5836114883423 -7.7435374259949 -7.7892279624939 -7.6763439178467 -7.3561406135559
-3.8225510120392 -4.0314908027649 -4.1941776275635 -4.3247447013855 -4.474648475647 -4.605212688446 -4.6105771064758 -4.4095902442932 -3.9688999652863 -3.3263492584229 -2.6001706123352 -1.9939314126968 -1.6791849136353 -999 -999 -999 -999 -999 -999 -999 -999 -999 -999 -999 -999 -999 -999 -999 -999 -999 -999 -999 -999 -999 -999 -5.2632546424866 -5.4495882987976 -5.6113395690918 -5.7407240867615 -5.8208847045898 -5.8509197235107 -5.8472604751587 -5.8493804931641 -5.8910312652588 -5.9641723632813 -5.976016998291 -5.8452925682068 -5.5937809944153 -5.3832325935364 -5.2830119132996 -5.2982335090637 -5.4372024536133 -5.7119297981262 -6.0686817169189 -6.4039812088013 -6.6638298034668 -6.8708696365356 -7.0658221244812 -7.2517876625061 -7.3961586952209 -7.4594969749451 -7.4200220108032 -7.2741694450378 -7.0174760818481
-3.8917851448059 -4.1376695632935 -4.3211855888367 -4.4455189704895 -4.5459365844727 -4.6130828857422 -4.5624356269836 -4.3090014457703 -3.805965423584 -3.0933306217194 -2.3095016479492 -1.692299246788 -999 -999 -999 -999 -999 -999 -999 -999 -999 -999 -999 -999 -999 -999 -999 -999 -999 -999 -999 -999 -999 -999 -5.1834149360657 -5.3793387413025 -5.5385022163391 -5.6640491485596 -5.7563352584839 -5.7904567718506 -5.7752537727356 -5.7728533744812 -5.7899408340454 -5.8127202987671 -5.8133192062378 -5.7423505783081 -5.5887694358826 -5.4288997650146 -5.2975912094116 -5.2263388633728 -5.2738709449768 -5.5124106407166 -5.9054317474365 -6.3716073036194 -6.7386407852173 -6.9314241409302 -7.0393652915955 -7.1625065803528 -7.2876677513123 -7.3558597564697 -7.3274731636047 -7.2009453773499 -7.0158557891846 -6.7947731018066
-3.9954679012299 -4.3110275268555 -4.5443806648254 -4.6745414733887 -4.7280559539795 -4.7291016578674 -4.6268649101257 -4.3403387069702 -3.7928597927094 -3.0376856327057 -2.2430939674377 -1.6535896062851 -999 -999 -999 -999 -999 -999 -999 -999 -999 -999 -999 -999 -999 -999 -999 -999 -999 -999 -999 -4.5944046974182 -999 -5.0920100212097 -5.3174805641174 -5.4940934181213 -5.6101231575012 -5.6728844642639 -5.7006788253784 -5.6858253479004 -5.6519141197205 -5.6916046142578 -5.7591543197632 -5.7964901924133 -5.7627191543579 -5.6537013053894 -5.5119533538818 -5.4414248466492 -5.422435760498 -5.4467158317566 -5.5634031295776 -5.8479390144348 -6.3586316108704 -7.0023565292358 -7.417516708374 -7.4811224937439 -7.4175381660461 -7.4473652839661 -7.5048241615295 -7.5000061988831 -7.3953127861023 -7.2026858329773 -6.9900908470154 -6.808650970459
-4.1148643493652 -4.5206727981567 -4.8224282264709 -4.9629621505737 -4.9632902145386 -4.8803420066833 -4.7168378829956 -4.4129838943481 -3.8533668518066 -3.122483253479 -2.4143931865692 -999 -999 -999 -999 -999 -999 -999 -999 -999 -999 -999 -999 -999 -999 -999 -999 -999 -999 -999 -999 -999 -4.9736275672913 -5.2344541549683 -5.4659967422485 -5.6224799156189 -5.6912894248962 -5.6795797348022 -5.6196541786194 -5.566125869751 -5.564989566803 -5.6537265777588 -5.7743444442749 -5.8504371643066 -5.8332486152649 -5.7597007751465 -5.6904935836792 -5.7024774551392 -5.8103075027466 -5.9812278747559 -6.2138390541077 -6.5754117965698 -7.2141280174255 -8.0938758850098 -8.5292177200317 -8.4001064300537 -8.1044492721558 -7.9943313598633 -7.9374589920044 -7.8418817520142 -7.6730732917786 -7.4443035125732 -7.2112355232239 -7.0350975990295
-4.2228145599365 -4.7101554870605 -5.0781059265137 -5.2168574333191 -5.1455278396606 -4.9745588302612 -4.7372169494629 -4.3901600837708 -3.8733992576599 -3.246194601059 -2.6609342098236 -999 -999 -999 -999 -999 -999 -999 -999 -999 -999 -999 -999 -999 -999 -999 -999 -999 -999 -999 -999 -999 -5.1094632148743 -5.3952746391296 -5.6441988945007 -5.7887949943542 -5.8285341262817 -5.7789244651794 -5.6579303741455 -5.5760974884033 -5.5867266654968 -5.6905307769775 -5.8301296234131 -5.9404072761536 -5.9885811805725 -6.0041961669922 -6.0434060096741 -6.167829990387 -6.4337129592896 -6.783251285553 -7.1979441642761 -7.7461185455322 -8.5564241409302 -9.5149297714233 -9.8592529296875 -9.5507555007935 -9.0996532440186 -8.7726860046387 -8.5463266372681 -8.3384990692139 -8.1093254089355 -7.8576068878174 -7.6110773086548 -7.394428730011
-4.2857437133789 -4.7955865859985 -5.1822853088379 -5.2995791435242 -5.1830887794495 -4.9602336883545 -4.676148891449 -4.315248966217 -3.8595480918884 -3.351126909256 -999 -999 -999 -999 -999 -999 -999 -999 -999 -999 -999 -999 -999 -999 -999 -999 -999 -999 -999 -999 -999 -999 -5.2665433883667 -5.5783452987671 -5.8386759757996 -5.9721088409424 -6.0053424835205 -5.9808955192566 -5.9096875190735 -5.7728972434998 -5.7231569290161 -5.7913618087769 -5.9283318519592 -6.074188709259 -6.2015295028687 -6.3322186470032 -6.5180606842041 -6.8110256195068 -7.2343955039978 -7.7389931678772 -8.3322448730469 -9.059455871582 -9.9064321517944 -10.64128780365 -10.85749912262 -10.539434432983 -10.038289070129 -9.5807209014893 -9.2094030380249 -8.8958015441895 -8.6127939224243 -8.341796875 -8.0672121047974 -7.7618184089661
-4.2821164131165 -4.7333583831787 -5.057785987854 -5.157036781311 -5.0547890663147 -4.8366069793701 -4.5536012649536 -4.2160964012146 -999 -999 -999 -999 -999 -999 -999 -999 -999 -999 -999 -999 -999 -999 -999 -999 -999 -999 -999 -999 -999 -999 -999 -5.1546139717102 -5.428955078125 -5.7231435775757 -5.9557423591614 -6.0809664726257 -6.1139712333679 -6.1072273254395 -6.0592322349548 -5.9243507385254 -5.8365654945374 -5.8898768424988 -6.0490636825562 -6.2467203140259 -6.4545316696167 -6.6943392753601 -7.0246696472168 -7.4873504638672 -8.0532321929932 -8.6634435653687 -9.3614168167114 -10.147312164307 -10.911271095276 -11.414795875549 -11.529706001282 -11.260607719421 -10.786163330078 -10.274509429932 -9.8056774139404 -9.4068756103516 -9.0810623168945 -8.7995357513428 -8.4953422546387 -8.09095287323
-4.2279901504517 -4.5880851745605 -4.8337092399597 -4.9092435836792 -4.8272142410278 -4.6397137641907 -999 -999 -999 -999 -999 -999 -999 -999 -999 -999 -999 -999 -999 -999 -999 -999 -999 -999 -999 -999 -999 -999 -999 -999 -999 -999 -5.5372457504272 -5.7818160057068 -5.9728493690491 -6.0792789459229 -6.1080679893494 -6.0820207595825 -6.0005149841309 -5.8800830841064 -5.8262305259705 -5.9499177932739 -6.1888332366943 -6.4620280265808 -6.7435212135315 -7.0631895065308 -7.4901423454285 -8.0650682449341 -8.7287883758545 -9.4261331558228 -10.161202430725 -10.906643867493 -11.554196357727 -11.958088874817 -12.042999267578 -11.817900657654 -11.371765136719 -10.821877479553 -10.267592430115 -9.7846050262451 -9.4185152053833 -9.1446495056152 -8.8413028717041 -8.3571939468384
-4.1626691818237 -4.4364719390869 -4.6060366630554 -4.6446161270142 -4.5668859481812 -4.4084568023682 -999 -999 -999 -999 -999 -999 -999 -999 -999 -999 -999 -999 -999 -999 -999 -999 -999 -999 -999 -999 -999 -999 -999 -999 -999 -999 -5.6017627716064 -5.7970476150513 -5.9468731880188 -6.0317459106445 -6.0494027137756 -6.0055084228516 -5.9039216041565 -5.7822408676147 -5.7941522598267 -6.0500812530518 -6.3926796913147 -6.7450470924377 -7.0917181968689 -7.4648628234863 -7.9391264915466 -8.5854215621948 -9.3037185668945 -10.038150787354 -10.768010139465 -11.457619667053 -12.032880783081 -12.4029712677 -12.502121925354 -12.309990882874 -11.860335350037 -11.241446495056 -10.570851325989 -9.9694061279297 -9.5350799560547 -9.2644519805908 -8.9971857070923 -8.4656829833984
-4.1205224990845 -4.3164501190186 -4.4096021652222 -4.396119594574 -4.3036150932312 -4.1645402908325 -999 -999 -999 -999 -999 -999 -999 -999 -999 -999 -999 -999 -999 -999 -999 -999 -999 -999 -999 -999 -999 -4.6890416145325 -999 -999 -5.2804560661316 -5.4699635505676 -5.6494603157043 -5.806649684906 -5.9261631965637 -5.9956884384155 -6.0121183395386 -5.9797887802124 -5.9155426025391 -5.8808512687683 -5.9961814880371 -6.3060789108276 -6.7074298858643 -7.1177577972412 -7.5214080810547 -7.9509563446045 -8.4715137481689 -9.1199731826782 -9.8340406417847 -10.555144309998 -11.252740859985 -11.894731521606 -12.434141159058 -12.808994293213 -12.948018074036 -12.783522605896 -12.293970108032 -11.555331230164 -10.716485023499 -9.9436531066895 -9.3819198608398 -9.0509395599365 -8.7589826583862 -8.2570962905884
-4.1041903495789 -4.2289214134216 -4.2395668029785 -4.1587009429932 -4.0394258499146 -3.9165806770325 -999 -999 -999 -999 -999 -999 -999 -999 -999 -999 -999 -999 -999 -999 -999 -999 -999 -999 -999 -4.4520182609558 -4.6399192810059 -4.8293042182922 -5.0181751251221 -5.203013420105 -5.3787279129028 -5.5457277297974 -5.6994771957397 -5.8323969841003 -5.9339666366577 -5.9974699020386 -6.0239849090576 -6.0251569747925 -6.0313491821289 -6.1049394607544 -6.3161783218384 -6.6755585670471 -7.1136050224304 -7.560631275177 -8.0056781768799 -8.4808950424194 -9.0275917053223 -9.6572961807251 -10.3317527771 -11.00580406189 -11.650525093079 -12.24303150177 -12.757328987122 -13.152142524719 -13.349718093872 -13.221468925476 -12.664267539978 -11.756675720215 -10.703928947449 -9.7278652191162 -9.0004806518555 -8.5428495407104 -8.1910524368286 -7.7544012069702
-4.0831551551819 -4.1415810585022 -4.0622606277466 -3.9089357852936 -3.7656600475311 -999 -999 -999 -999 -999 -999 -999 -999 -999 -999 -999 -999 -999 -999 -999 -999 -999 -999 -4.2467365264893 -4.4203395843506 -4.5988211631775 -4.7807488441467 -4.9629235267639 -5.1415185928345 -5.3131318092346 -5.4744267463684 -5.6258058547974 -5.7644753456116 -5.8847260475159 -5.9780187606812 -6.0408353805542 -6.0785932540894 -6.1104278564453 -6.1771492958069 -6.3350672721863 -6.6293516159058 -7.054096698761 -7.5397305488586 -8.0118341445923 -8.4816007614136 -8.9848337173462 -9.5434904098511 -10.153022766113 -10.780241012573 -11.389689445496 -11.961170196533 -12.485177993774 -12.953742027283 -13.343208312988 -13.581720352173 -13.501204490662 -12.870712280273 -11.783039093018 -10.507702827454 -9.315824508667 -8.4181642532349 -7.8631181716919 -7.4926838874817 -7.1280279159546
-4.0188012123108 -3.9962553977966 -3.8457446098328 -3.635406255722 -3.4838771820068 -999 -999 -999 -999 -999 -999 -999 -999 -999 -999 -999 -999 -999 -999 -999 -999 -999 -999 -4.3938174247742 -4.5627102851868 -4.7365274429321 -4.9136700630188 -5.0906043052673 -5.2625870704651 -5.4255180358887 -5.5774040222168 -5.7194390296936 -5.851616859436 -5.9691104888916 -6.0614371299744 -6.1239671707153 -6.1640319824219 -6.2062726020813 -6.3001523017883 -6.5045428276062 -6.8604817390442 -7.3529782295227 -7.9023032188416 -8.3938064575195 -8.8842391967773 -9.4088888168335 -9.9790658950806 -10.576838493347 -11.160479545593 -11.694652557373 -12.170223236084 -12.594236373901 -12.972424507141 -13.288283348083 -13.470735549927 -13.352307319641 -12.724092483521 -11.546132087708 -10.139478683472 -8.782018661499 -7.7482285499573 -7.1683912277222 -6.8163928985596 -6.5079627037048
-3.9104402065277 -3.8193871974945 -3.6147198677063 -3.3749771118164 -3.2409336566925 -999 -999 -999 -999 -999 -999 -999 -999 -999 -999 -999 -999 -999 -999 -999 -999 -999 -4.3692722320557 -4.5289611816406 -4.6937203407288 -4.8641819953918 -5.0393891334534 -5.2154135704041 -5.3873176574707 -5.5494675636292 -5.6994104385376 -5.8380832672119 -5.9707908630371 -6.0948476791382 -6.193076133728 -6.2528686523438 -6.2799487113953 -6.3056702613831 -6.3881373405457 -6.5993790626526 -6.9926462173462 -7.5369448661804 -8.1194868087769 -8.6568164825439 -9.1744251251221 -9.7194681167603 -10.307409286499 -10.908283233643 -11.457326889038 -11.905861854553 -12.261428833008 -12.554816246033 -12.801263809204 -12.983927726746 -13.033046722412 -12.811612129211 -12.167369842529 -11.076617240906 -9.7201738357544 -8.3484296798706 -7.2670865058899 -6.6644058227539 -6.2832288742065 -5.9673848152161
-3.7874662876129 -3.6452703475952 -3.4305832386017 -3.2146773338318 -999 -999 -999 -999 -999 -999 -999 -999 -999 -999 -999 -999 -999 -999 -999 -999 -999 -4.3439178466797 -4.4939732551575 -4.6486878395081 -4.8099961280823 -4.9795355796814 -5.1560978889465 -5.3365378379822 -5.5164799690247 -5.6895251274109 -5.8499250411987 -5.9957551956177 -6.1373109817505 -6.2781157493591 -6.38756275177 -6.4400968551636 -6.439133644104 -6.4245400428772 -6.4668650627136 -6.658567905426 -7.0836005210876 -7.6855325698853 -8.2931652069092 -8.8337097167969 -9.3459587097168 -9.8935623168945 -10.498300552368 -11.115156173706 -11.642236709595 -11.992204666138 -12.209396362305 -12.360054016113 -12.462307929993 -12.503567695618 -12.426636695862 -12.131514549255 -11.51940536499 -10.571286201477 -9.3870668411255 -8.1643915176392 -7.1429996490479 -6.4353108406067 -5.9364051818848 -5.5347933769226
-3.6934237480164 -3.53768658638 -3.3482608795166 -3.1836841106415 -999 -999 -999 -999 -999 -999 -999 -999 -999 -999 -999 -999 -999 -999 -999 -999 -4.314736366272 -4.4561886787415 -4.5996479988098 -4.7486152648926 -4.9071040153503 -5.0770797729492 -5.2584404945374 -5.4491310119629 -5.646167755127 -5.8432469367981 -6.0312509536743 -6.2056760787964 -6.3736844062805 -6.5381708145142 -6.6619005203247 -6.7016739845276 -6.6614270210266 -6.5925707817078 -6.5893063545227 -6.7744297981262 -7.2516050338745 -7.9130358695984 -8.5021352767944 -8.9639167785645 -9.4021043777466 -9.9179334640503 -10.514686584473 -11.130239486694 -11.644157409668 -11.884148597717 -11.974914550781 -12.002310752869 -11.986756324768 -11.924057006836 -11.775266647339 -11.468214988708 -10.931640625 -10.144820213318 -9.1553115844727 -8.1027126312256 -7.1439552307129 -6.3587679862976 -5.7256307601929 -5.1977763175964
